0.0
0.0
0.0
0.0
0.0
0.0
0.0
0.0
0.0
0.366325
0.366325
0.366325
0.366325
0.366325
0.366325
0.366325
0.366325
0.366325
0.366325
0.36565
0.36565
0.36565
0.36565
0.36565
0.36565
0.36565
0.36565
0.36565
0.36565
0.365725
0.365725
0.365725
0.365725
0.365725
0.365725
0.365725
0.365725
0.365725
0.365725
0.36215
0.36215
0.36215
0.36215
0.36215
0.36215
0.36215
0.36215
0.36215
0.36215
0.364075
0.364075
0.364075
0.364075
0.364075
0.364075
0.364075
0.364075
0.364075
0.364075
0.363
0.363
0.363
0.363
0.363
0.363
0.363
0.363
0.363
0.363
0.369825
0.369825
0.369825
0.369825
0.369825
0.369825
0.369825
0.369825
0.369825
0.369825
0.360775
0.360775
0.360775
0.360775
0.360775
0.360775
0.360775
0.360775
0.360775
0.360775
0.3664
0.3664
0.3664
0.3664
0.3664
0.3664
0.3664
0.3664
0.3664
0.3664
0.366875
0.366875
0.366875
0.366875
0.366875
0.366875
0.366875
0.366875
0.366875
0.366875
0.364575
0.364575
0.364575
0.364575
0.364575
0.364575
0.364575
0.364575
0.364575
0.364575
0.37075
0.37075
0.37075
0.37075
0.37075
0.37075
0.37075
0.37075
0.37075
0.37075
0.3634
0.3634
0.3634
0.3634
0.3634
0.3634
0.3634
0.3634
0.3634
0.3634
0.3659
0.3659
0.3659
0.3659
0.3659
0.3659
0.3659
0.3659
0.3659
0.3659
0.364225
0.364225
0.364225
0.364225
0.364225
0.364225
0.364225
0.364225
0.364225
0.364225
0.3612
0.3612
0.3612
0.3612
0.3612
0.3612
0.3612
0.3612
0.3612
0.3612
0.3641
0.3641
0.3641
0.3641
0.3641
0.3641
0.3641
0.3641
0.3641
0.3641
0.368275
0.368275
0.368275
0.368275
0.368275
0.368275
0.368275
0.368275
0.368275
0.368275
0.374125
0.374125
0.374125
0.374125
0.374125
0.374125
0.374125
0.374125
0.374125
0.374125
0.363075
0.363075
0.363075
0.363075
0.363075
0.363075
0.363075
0.363075
0.363075
0.363075
0.357675
0.357675
0.357675
0.357675
0.357675
0.357675
0.357675
0.357675
0.357675
0.357675
0.3655
0.3655
0.3655
0.3655
0.3655
0.3655
0.3655
0.3655
0.3655
0.3655
0.369425
0.369425
0.369425
0.369425
0.369425
0.369425
0.369425
0.369425
0.369425
0.369425
0.365925
0.365925
0.365925
0.365925
0.365925
0.365925
0.365925
0.365925
0.365925
0.365925
0.3661
0.3661
0.3661
0.3661
0.3661
0.3661
0.3661
0.3661
0.3661
0.3661
0.3637
0.3637
0.3637
0.3637
0.3637
0.3637
0.3637
0.3637
0.3637
0.3637
0.36235
0.36235
0.36235
0.36235
0.36235
0.36235
0.36235
0.36235
0.36235
0.36235
0.3681
0.3681
0.3681
0.3681
0.3681
0.3681
0.3681
0.3681
0.3681
0.3681
0.364325
0.364325
0.364325
0.364325
0.364325
0.364325
0.364325
0.364325
0.364325
0.364325
0.359275
0.359275
0.359275
0.359275
0.359275
0.359275
0.359275
0.359275
0.359275
0.359275
0.36655
0.36655
0.36655
0.36655
0.36655
0.36655
0.36655
0.36655
0.36655
0.36655
0.357575
0.357575
0.357575
0.357575
0.357575
0.357575
0.357575
0.357575
0.357575
0.357575
0.36405
0.36405
0.36405
0.36405
0.36405
0.36405
0.36405
0.36405
0.36405
0.36405
0.35595
0.35595
0.35595
0.35595
0.35595
0.35595
0.35595
0.35595
0.35595
0.35595
0.365625
0.365625
0.365625
0.365625
0.365625
0.365625
0.365625
0.365625
0.365625
0.365625
0.358375
0.358375
0.358375
0.358375
0.358375
0.358375
0.358375
0.358375
0.358375
0.358375
0.364575
0.364575
0.364575
0.364575
0.364575
0.364575
0.364575
0.364575
0.364575
0.364575
0.3678
0.3678
0.3678
0.3678
0.3678
0.3678
0.3678
0.3678
0.3678
0.3678
0.363475
0.363475
0.363475
0.363475
0.363475
0.363475
0.363475
0.363475
0.363475
0.363475
0.3623
0.3623
0.3623
0.3623
0.3623
0.3623
0.3623
0.3623
0.3623
0.3623
0.359225
0.359225
0.359225
0.359225
0.359225
0.359225
0.359225
0.359225
0.359225
0.359225
0.367275
0.367275
0.367275
0.367275
0.367275
0.367275
0.367275
0.367275
0.367275
0.367275
0.365425
0.365425
0.365425
0.365425
0.365425
0.365425
0.365425
0.365425
0.365425
0.365425
0.358325
0.358325
0.358325
0.358325
0.358325
0.358325
0.358325
0.358325
0.358325
0.358325
0.367075
0.367075
0.367075
0.367075
0.367075
0.367075
0.367075
0.367075
0.367075
0.367075
0.3644
0.3644
0.3644
0.3644
0.3644
0.3644
0.3644
0.3644
0.3644
0.3644
0.366175
0.366175
0.366175
0.366175
0.366175
0.366175
0.366175
0.366175
0.366175
0.366175
0.3658
0.3658
0.3658
0.3658
0.3658
0.3658
0.3658
0.3658
0.3658
0.3658
0.3658
0.3658
0.3658
0.3658
0.3658
0.3658
0.3658
0.3658
0.3658
0.3658
0.357825
0.357825
0.357825
0.357825
0.357825
0.357825
0.357825
0.357825
0.357825
0.357825
0.36645
0.36645
0.36645
0.36645
0.36645
0.36645
0.36645
0.36645
0.36645
0.36645
0.3621
0.3621
0.3621
0.3621
0.3621
0.3621
0.3621
0.3621
0.3621
0.3621
0.365625
0.365625
0.365625
0.365625
0.365625
0.365625
0.365625
0.365625
0.365625
0.365625
0.364875
0.364875
0.364875
0.364875
0.364875
0.364875
0.364875
0.364875
0.364875
0.364875
0.3609
0.3609
0.3609
0.3609
0.3609
0.3609
0.3609
0.3609
0.3609
0.3609
0.361825
0.361825
0.361825
0.361825
0.361825
0.361825
0.361825
0.361825
0.361825
0.361825
0.3649
0.3649
0.3649
0.3649
0.3649
0.3649
0.3649
0.3649
0.3649
0.3649
0.3672
0.3672
0.3672
0.3672
0.3672
0.3672
0.3672
0.3672
0.3672
0.3672
0.36245
0.36245
0.36245
0.36245
0.36245
0.36245
0.36245
0.36245
0.36245
0.36245
0.3631
0.3631
0.3631
0.3631
0.3631
0.3631
0.3631
0.3631
0.3631
0.3631
0.3656
0.3656
0.3656
0.3656
0.3656
0.3656
0.3656
0.3656
0.3656
0.3656
0.368875
0.368875
0.368875
0.368875
0.368875
0.368875
0.368875
0.368875
0.368875
0.368875
0.3645
0.3645
0.3645
0.3645
0.3645
0.3645
0.3645
0.3645
0.3645
0.3645
0.3649
0.3649
0.3649
0.3649
0.3649
0.3649
0.3649
0.3649
0.3649
0.3649
0.367225
0.367225
0.367225
0.367225
0.367225
0.367225
0.367225
0.367225
0.367225
0.367225
0.3659
0.3659
0.3659
0.3659
0.3659
0.3659
0.3659
0.3659
0.3659
0.3659
0.36515
0.36515
0.36515
0.36515
0.36515
0.36515
0.36515
0.36515
0.36515
0.36515
0.362825
0.362825
0.362825
0.362825
0.362825
0.362825
0.362825
0.362825
0.362825
0.362825
0.36165
0.36165
0.36165
0.36165
0.36165
0.36165
0.36165
0.36165
0.36165
0.36165
0.365375
0.365375
0.365375
0.365375
0.365375
0.365375
0.365375
0.365375
0.365375
0.365375
0.362325
0.362325
0.362325
0.362325
0.362325
0.362325
0.362325
0.362325
0.362325
0.362325
0.3627
0.3627
0.3627
0.3627
0.3627
0.3627
0.3627
0.3627
0.3627
0.3627
0.36445
0.36445
0.36445
0.36445
0.36445
0.36445
0.36445
0.36445
0.36445
0.36445
0.3657
0.3657
0.3657
0.3657
0.3657
0.3657
0.3657
0.3657
0.3657
0.3657
0.365775
0.365775
0.365775
0.365775
0.365775
0.365775
0.365775
0.365775
0.365775
0.365775
0.362075
0.362075
0.362075
0.362075
0.362075
0.362075
0.362075
0.362075
0.362075
0.362075
0.367225
0.367225
0.367225
0.367225
0.367225
0.367225
0.367225
0.367225
0.367225
0.367225
0.364575
0.364575
0.364575
0.364575
0.364575
0.364575
0.364575
0.364575
0.364575
0.364575
0.363275
0.363275
0.363275
0.363275
0.363275
0.363275
0.363275
0.363275
0.363275
0.363275
0.3701
0.3701
0.3701
0.3701
0.3701
0.3701
0.3701
0.3701
0.3701
0.3701
0.3665
0.3665
0.3665
0.3665
0.3665
0.3665
0.3665
0.3665
0.3665
0.3665
0.36825
0.36825
0.36825
0.36825
0.36825
0.36825
0.36825
0.36825
0.36825
0.36825
0.3685
0.3685
0.3685
0.3685
0.3685
0.3685
0.3685
0.3685
0.3685
0.3685
0.36525
0.36525
0.36525
0.36525
0.36525
0.36525
0.36525
0.36525
0.36525
0.36525
0.3647
0.3647
0.3647
0.3647
0.3647
0.3647
0.3647
0.3647
0.3647
0.3647
0.36475
0.36475
0.36475
0.36475
0.36475
0.36475
0.36475
0.36475
0.36475
0.36475
0.371075
0.371075
0.371075
0.371075
0.371075
0.371075
0.371075
0.371075
0.371075
0.371075
0.368225
0.368225
0.368225
0.368225
0.368225
0.368225
0.368225
0.368225
0.368225
0.368225
0.3631
0.3631
0.3631
0.3631
0.3631
0.3631
0.3631
0.3631
0.3631
0.3631
0.36405
0.36405
0.36405
0.36405
0.36405
0.36405
0.36405
0.36405
0.36405
0.36405
0.366925
0.366925
0.366925
0.366925
0.366925
0.366925
0.366925
0.366925
0.366925
0.366925
0.361075
0.361075
0.361075
0.361075
0.361075
0.361075
0.361075
0.361075
0.361075
0.361075
0.364425
0.364425
0.364425
0.364425
0.364425
0.364425
0.364425
0.364425
0.364425
0.364425
0.35875
0.35875
0.35875
0.35875
0.35875
0.35875
0.35875
0.35875
0.35875
0.35875
0.3662
0.3662
0.3662
0.3662
0.3662
0.3662
0.3662
0.3662
0.3662
0.3662
0.3627
0.3627
0.3627
0.3627
0.3627
0.3627
0.3627
0.3627
0.3627
0.3627
0.362675
0.362675
0.362675
0.362675
0.362675
0.362675
0.362675
0.362675
0.362675
0.362675
0.3603
0.3603
0.3603
0.3603
0.3603
0.3603
0.3603
0.3603
0.3603
0.3603
0.36425
0.36425
0.36425
0.36425
0.36425
0.36425
0.36425
0.36425
0.36425
0.36425
0.370225
0.370225
0.370225
0.370225
0.370225
0.370225
0.370225
0.370225
0.370225
0.370225
0.37185
0.37185
0.37185
0.37185
0.37185
0.37185
0.37185
0.37185
0.37185
0.37185
0.358525
0.358525
0.358525
0.358525
0.358525
0.358525
0.358525
0.358525
0.358525
0.358525
0.3623
0.3623
0.3623
0.3623
0.3623
0.3623
0.3623
0.3623
0.3623
0.3623
0.3669
0.3669
0.3669
0.3669
0.3669
0.3669
0.3669
0.3669
0.3669
0.3669
0.36565
0.36565
0.36565
0.36565
0.36565
0.36565
0.36565
0.36565
0.36565
0.36565
0.3678
0.3678
0.3678
0.3678
0.3678
0.3678
0.3678
0.3678
0.3678
0.3678
0.36495
0.36495
0.36495
0.36495
0.36495
0.36495
0.36495
0.36495
0.36495
0.36495
0.3628
0.3628
0.3628
0.3628
0.3628
0.3628
0.3628
0.3628
0.3628
0.3628
0.3644
0.3644
0.3644
0.3644
0.3644
0.3644
0.3644
0.3644
0.3644
0.3644
0.367025
0.367025
0.367025
0.367025
0.367025
0.367025
0.367025
0.367025
0.367025
0.367025
0.365175
0.365175
0.365175
0.365175
0.365175
0.365175
0.365175
0.365175
0.365175
0.365175
0.365825
0.365825
0.365825
0.365825
0.365825
0.365825
0.365825
0.365825
0.365825
0.365825
0.360175
0.360175
0.360175
0.360175
0.360175
0.360175
0.360175
0.360175
0.360175
0.360175
0.361175
0.361175
0.361175
0.361175
0.361175
0.361175
0.361175
0.361175
0.361175
0.361175
0.363775
0.363775
0.363775
0.363775
0.363775
0.363775
0.363775
0.363775
0.363775
0.363775
0.365925
0.365925
0.365925
0.365925
0.365925
0.365925
0.365925
0.365925
0.365925
0.365925
0.36405
0.36405
0.36405
0.36405
0.36405
0.36405
0.36405
0.36405
0.36405
0.36405
0.360575
0.360575
0.360575
0.360575
0.360575
0.360575
0.360575
0.360575
0.360575
0.360575
0.361725
0.361725
0.361725
0.361725
0.361725
0.361725
0.361725
0.361725
0.361725
0.361725
0.36215
0.36215
0.36215
0.36215
0.36215
0.36215
0.36215
0.36215
0.36215
0.36215
0.367525
0.367525
0.367525
0.367525
0.367525
0.367525
0.367525
0.367525
0.367525
0.367525
0.360675
0.360675
0.360675
0.360675
0.360675
0.360675
0.360675
0.360675
0.360675
0.360675
0.365075
0.365075
0.365075
0.365075
0.365075
0.365075
0.365075
0.365075
0.365075
0.365075
0.368325
0.368325
0.368325
0.368325
0.368325
0.368325
0.368325
0.368325
0.368325
0.368325
0.3657
0.3657
0.3657
0.3657
0.3657
0.3657
0.3657
0.3657
0.3657
0.3657
0.364925
0.364925
0.364925
0.364925
0.364925
0.364925
0.364925
0.364925
0.364925
0.364925
0.362875
0.362875
0.362875
0.362875
0.362875
0.362875
0.362875
0.362875
0.362875
0.362875
0.36535
0.36535
0.36535
0.36535
0.36535
0.36535
0.36535
0.36535
0.36535
0.36535
0.36645
0.36645
0.36645
0.36645
0.36645
0.36645
0.36645
0.36645
0.36645
0.36645
0.3687
0.3687
0.3687
0.3687
0.3687
0.3687
0.3687
0.3687
0.3687
0.3687
0.36775
0.36775
0.36775
0.36775
0.36775
0.36775
0.36775
0.36775
0.36775
0.36775
0.365025
0.365025
0.365025
0.365025
0.365025
0.365025
0.365025
0.365025
0.365025
0.365025
0.3614
0.3614
0.3614
0.3614
0.3614
0.3614
0.3614
0.3614
0.3614
0.3614
0.3653
0.3653
0.3653
0.3653
0.3653
0.3653
0.3653
0.3653
0.3653
0.3653
0.3636
0.3636
0.3636
0.3636
0.3636
0.3636
0.3636
0.3636
0.3636
0.3636
0.363525
0.363525
0.363525
0.363525
0.363525
0.363525
0.363525
0.363525
0.363525
0.363525
0.36595
0.36595
0.36595
0.36595
0.36595
0.36595
0.36595
0.36595
0.36595
0.36595
0.36135
0.36135
0.36135
0.36135
0.36135
0.36135
0.36135
0.36135
0.36135
0.36135
0.36765
0.36765
0.36765
0.36765
0.36765
0.36765
0.36765
0.36765
0.36765
0.36765
0.365275
0.365275
0.365275
0.365275
0.365275
0.365275
0.365275
0.365275
0.365275
0.365275
0.36375
0.36375
0.36375
0.36375
0.36375
0.36375
0.36375
0.36375
0.36375
0.36375
0.366
0.366
0.366
0.366
0.366
0.366
0.366
0.366
0.366
0.366
0.3671
0.3671
0.3671
0.3671
0.3671
0.3671
0.3671
0.3671
0.3671
0.3671
0.3652
0.3652
0.3652
0.3652
0.3652
0.3652
0.3652
0.3652
0.3652
0.3652
0.369275
0.369275
0.369275
0.369275
0.369275
0.369275
0.369275
0.369275
0.369275
0.369275
0.364375
0.364375
0.364375
0.364375
0.364375
0.364375
0.364375
0.364375
0.364375
0.364375
0.365575
0.365575
0.365575
0.365575
0.365575
0.365575
0.365575
0.365575
0.365575
0.365575
0.3673
0.3673
0.3673
0.3673
0.3673
0.3673
0.3673
0.3673
0.3673
0.3673
0.364
0.364
0.364
0.364
0.364
0.364
0.364
0.364
0.364
0.364
0.366325
0.366325
0.366325
0.366325
0.366325
0.366325
0.366325
0.366325
0.366325
0.366325
0.3649
0.3649
0.3649
0.3649
0.3649
0.3649
0.3649
0.3649
0.3649
0.3649
0.359375
0.359375
0.359375
0.359375
0.359375
0.359375
0.359375
0.359375
0.359375
0.359375
0.36535
0.36535
0.36535
0.36535
0.36535
0.36535
0.36535
0.36535
0.36535
0.36535
0.36365
0.36365
0.36365
0.36365
0.36365
0.36365
0.36365
0.36365
0.36365
0.36365
0.363975
0.363975
0.363975
0.363975
0.363975
0.363975
0.363975
0.363975
0.363975
0.363975
0.368025
0.368025
0.368025
0.368025
0.368025
0.368025
0.368025
0.368025
0.368025
0.368025
0.36205
0.36205
0.36205
0.36205
0.36205
0.36205
0.36205
0.36205
0.36205
0.36205
0.3656
0.3656
0.3656
0.3656
0.3656
0.3656
0.3656
0.3656
0.3656
0.3656
0.364225
0.364225
0.364225
0.364225
0.364225
0.364225
0.364225
0.364225
0.364225
0.364225
0.3635
0.3635
0.3635
0.3635
0.3635
0.3635
0.3635
0.3635
0.3635
0.3635
0.362625
0.362625
0.362625
0.362625
0.362625
0.362625
0.362625
0.362625
0.362625
0.362625
0.36365
0.36365
0.36365
0.36365
0.36365
0.36365
0.36365
0.36365
0.36365
0.36365
0.36775
0.36775
0.36775
0.36775
0.36775
0.36775
0.36775
0.36775
0.36775
0.36775
0.362925
0.362925
0.362925
0.362925
0.362925
0.362925
0.362925
0.362925
0.362925
0.362925
0.365325
0.365325
0.365325
0.365325
0.365325
0.365325
0.365325
0.365325
0.365325
0.365325
0.369475
0.369475
0.369475
0.369475
0.369475
0.369475
0.369475
0.369475
0.369475
0.369475
0.36475
0.36475
0.36475
0.36475
0.36475
0.36475
0.36475
0.36475
0.36475
0.36475
0.36605
0.36605
0.36605
0.36605
0.36605
0.36605
0.36605
0.36605
0.36605
0.36605
0.3641
0.3641
0.3641
0.3641
0.3641
0.3641
0.3641
0.3641
0.3641
0.3641
0.35905
0.35905
0.35905
0.35905
0.35905
0.35905
0.35905
0.35905
0.35905
0.35905
0.370375
0.370375
0.370375
0.370375
0.370375
0.370375
0.370375
0.370375
0.370375
0.370375
0.365925
0.365925
0.365925
0.365925
0.365925
0.365925
0.365925
0.365925
0.365925
0.365925
0.3742
0.3742
0.3742
0.3742
0.3742
0.3742
0.3742
0.3742
0.3742
0.3742
0.359725
0.359725
0.359725
0.359725
0.359725
0.359725
0.359725
0.359725
0.359725
0.359725
0.36925
0.36925
0.36925
0.36925
0.36925
0.36925
0.36925
0.36925
0.36925
0.36925
0.3661
0.3661
0.3661
0.3661
0.3661
0.3661
0.3661
0.3661
0.3661
0.3661
0.370475
0.370475
0.370475
0.370475
0.370475
0.370475
0.370475
0.370475
0.370475
0.370475
0.363
0.363
0.363
0.363
0.363
0.363
0.363
0.363
0.363
0.363
0.3657
0.3657
0.3657
0.3657
0.3657
0.3657
0.3657
0.3657
0.3657
0.3657
0.36355
0.36355
0.36355
0.36355
0.36355
0.36355
0.36355
0.36355
0.36355
0.36355
0.36075
0.36075
0.36075
0.36075
0.36075
0.36075
0.36075
0.36075
0.36075
0.36075
0.3699
0.3699
0.3699
0.3699
0.3699
0.3699
0.3699
0.3699
0.3699
0.3699
0.364275
0.364275
0.364275
0.364275
0.364275
0.364275
0.364275
0.364275
0.364275
0.364275
0.361075
0.361075
0.361075
0.361075
0.361075
0.361075
0.361075
0.361075
0.361075
0.361075
0.3609
0.3609
0.3609
0.3609
0.3609
0.3609
0.3609
0.3609
0.3609
0.3609
0.362175
0.362175
0.362175
0.362175
0.362175
0.362175
0.362175
0.362175
0.362175
0.362175
0.3591
0.3591
0.3591
0.3591
0.3591
0.3591
0.3591
0.3591
0.3591
0.3591
0.356525
0.356525
0.356525
0.356525
0.356525
0.356525
0.356525
0.356525
0.356525
0.356525
0.362475
0.362475
0.362475
0.362475
0.362475
0.362475
0.362475
0.362475
0.362475
0.362475
