0.36315
0.366475
0.361825
0.359125
0.3587
0.362225
0.36345
0.366175
0.369325
0.369875
0.369675
0.368475
0.368375
0.36515
0.368725
0.3643
0.360425
0.359625
0.3661
0.361475
0.364975
0.36205
0.3599
0.365125
0.3703
0.36995
0.36515
0.364425
0.361675
0.364025
0.356525
0.36045
0.3632
0.363775
0.3617
0.3622
0.36115
0.362125
0.365775
0.3651
0.364275
0.36585
0.364325
0.3636
0.370375
0.3669
0.363425
0.360275
0.359475
0.3615
0.36365
0.3611
0.3658
0.36085
0.36345
0.3628
0.3619
0.362675
0.3658
0.3678
0.366825
0.36675
0.36145
0.36475
0.369525
0.3657
0.36785
0.366775
0.361675
0.365225
0.364
0.362775
0.366925
0.369025
0.36335
0.3631
0.36445
0.3679
0.366275
0.3658
0.364825
0.363025
0.36495
0.367375
0.366625
0.360625
0.362325
0.366825
0.368025
0.360525
0.36275
0.3627
0.361325
0.3541
0.351625
0.360175
0.362225
0.366125
0.367275
0.363875
0.365725
0.3656
0.367925
0.36535
0.3632
0.35905
0.355175
0.3601
0.358825
0.361375
0.361125
0.36505
0.3648
0.3629
0.3663
0.3723
0.370825
0.368075
0.370275
0.366675
0.36575
0.36885
0.366525
0.362875
0.361425
0.361125
0.3639
0.366575
0.364525
0.365825
0.364025
0.3601
0.362125
0.3663
0.370325
0.367875
0.365825
0.367025
0.368675
0.369675
0.365325
0.366825
0.369075
0.367925
0.368475
0.36605
0.365725
0.364275
0.36755
0.366275
0.368225
0.36805
0.362325
0.36665
0.36255
0.3602
0.3643
0.36295
0.362625
0.3593
0.3617
0.3661
0.3672
0.366575
0.3667
0.365175
0.365625
0.3673
0.3678
0.367925
0.365075
0.3618
0.362025
0.3606
0.366425
0.36285
0.365825
0.368275
0.3668
0.369475
0.369
0.370125
0.368625
0.3606
0.359125
0.35655
0.36085
0.3647
0.365175
0.368
0.36545
0.36635
0.36
0.36525
0.365725
0.3654
0.36375
0.365625
0.363725
0.36365
0.363925
0.368575
0.361875
0.36195
0.3624
0.3651
0.362925
0.36235
0.3636
0.367325
0.36485
0.367375
0.367
0.368675
0.368175
0.365275
0.36475
0.365375
0.36105
0.36095
0.358675
0.3668
0.368075
0.3668
0.361625
0.359375
0.361375
0.363425
0.36575
0.36785
0.3704
0.3675
0.36695
0.361875
0.359175
0.357775
0.36085
0.3596
0.360125
0.361525
0.359075
0.361475
0.366875
0.365575
0.362625
0.36575
0.36455
0.366175
0.3628
0.360475
0.36325
0.361975
0.3616
0.363
0.363525
0.36325
0.35865
0.363175
0.364825
0.3607
0.363875
0.367975
0.36635
0.363225
0.3635
0.3675
0.3675
0.366375
0.3669
0.36565
0.36365
0.3633
0.36135
0.360175
0.364875
0.363025
0.3656
0.36585
0.36645
0.3631
0.36475
0.3639
0.36335
0.366975
0.366475
0.366625
0.36185
0.36255
0.36405
0.363925
0.358375
0.364525
0.36365
0.36055
0.365875
0.369875
0.366725
0.362925
0.364475
0.3624
0.3589
0.359475
0.361325
0.361725
0.365425
0.364325
0.367825
0.368675
0.367325
0.36475
0.3669
0.363975
0.368125
0.36525
0.3651
0.359
0.362975
0.364025
0.3638
0.36575
0.370575
0.368175
0.361825
0.36075
0.366
0.36455
0.3657
0.364575
0.3663
0.3623
0.3604
0.360575
0.36395
0.366875
0.365425
0.363575
0.3682
0.371325
0.366675
0.3636
0.36635
0.36765
0.364825
0.36325
0.3652
0.365525
0.365525
0.36715
0.368875
0.36825
0.366075
0.360675
0.360725
0.3595
0.3643
0.364875
0.36655
0.3678
0.368675
0.365825
0.363975
0.364475
0.3667
0.3659
0.3615
0.361025
0.36515
0.362225
0.359725
0.3573
0.363725
0.363325
0.36445
0.36505
0.366625
0.362575
0.362725
0.366575
0.369325
0.3682
0.367075
0.36295
0.362225
0.365175
0.366625
0.36255
0.363925
0.36775
0.36565
0.368375
0.367425
0.363775
0.362275
0.360675
0.360975
0.3639
0.36345
0.366025
0.362825
0.3652
0.364375
0.364275
0.362275
0.3671
0.369725
0.371725
0.3653
0.363575
0.365525
0.365275
0.36625
0.362675
0.361075
0.35905
0.3595
0.362025
0.360875
0.364975
0.363925
0.3628
0.364125
0.362125
0.363725
0.3631
0.3615
0.364125
0.3693
0.36675
0.364675
0.365675
0.3673
0.3627
0.362625
0.362
0.365275
0.36595
0.36355
0.36185
0.363575
0.3646
0.362625
0.3599
0.359625
0.364325
0.364975
0.361525
0.355825
0.3627
0.362675
0.36585
0.362475
0.36245
0.362975
0.36835
0.3672
0.36415
0.365225
0.3626
0.36065
0.3596
0.35925
0.3638
0.3588
0.36085
0.3588
0.360575
0.3675
0.365225
0.367325
0.364725
0.365925
0.36545
0.364675
0.364825
0.368675
0.3696
0.367925
0.36765
0.3627
0.36035
0.360325
0.360225
0.364
0.363275
0.358025
0.3607
0.364025
0.3647
0.363075
0.3585
0.359175
0.36225
0.36825
0.368675
0.367425
0.367925
0.36265
0.360025
0.36385
0.359975
0.36295
0.36305
0.3601
0.362025
0.363075
0.364875
0.36585
0.365375
0.361475
0.3628
0.3613
0.36
0.36195
0.362125
0.365475
0.364825
0.366375
0.36495
0.3653
0.36275
0.36175
0.366075
0.362925
0.363225
0.36245
0.3601
0.359925
0.3634
0.368525
0.3703
0.361825
0.3643
0.36535
0.3668
0.36395
0.3628
0.363725
0.35915
0.359825
0.361375
0.3607
0.3623
0.367425
0.3691
0.366125
0.36725
0.36495
0.36445
0.3641
0.36495
0.361325
0.360425
0.36115
0.36735
0.3689
0.366925
0.3681
0.3652
0.3674
0.370925
0.367
0.3641
0.366325
0.360725
0.3625
0.364575
0.365075
0.36495
0.36535
0.36735
0.3646
0.36825
0.364075
0.3678
0.36975
0.369175
0.366225
0.365475
0.36245
0.364275
0.3669
0.364225
0.366575
0.3636
0.361875
0.36475
0.368175
0.3727
0.36485
0.3691
0.369525
0.368475
0.364
0.36265
0.367575
0.3646
0.3637
0.3637
0.3649
0.3674
0.3648
0.36495
0.3641
0.370425
0.36695
0.36415
0.3634
0.3593
0.361675
0.3643
0.366075
0.3651
0.3652
0.363275
0.361025
0.3579
0.359725
0.36295
0.36755
0.363675
0.367925
0.36925
0.3736
0.3715
0.373075
0.3668
0.36685
0.364625
0.3646
0.36055
0.362425
0.3667
0.368
0.37005
0.37055
0.370675
0.36895
0.36845
0.36465
0.3657
0.366875
0.3682
0.367325
0.3662
0.3605
0.362425
0.36365
0.364425
0.3673
0.367475
0.362825
0.361475
0.3625
0.362225
0.3626
0.360725
0.358625
0.3638
0.366425
0.36605
0.3604
0.365825
0.368125
0.36835
0.364825
0.364725
0.367625
0.362875
0.366
0.36275
0.362375
0.360975
0.362375
0.36175
0.364125
0.367025
0.3655
0.3643
0.360125
0.362325
0.364075
0.36745
0.364425
0.36405
0.362575
0.3655
0.3642
0.368125
0.37035
0.36625
0.364025
0.363175
0.36
0.35945
0.3591
0.36745
0.365775
0.361975
0.3627
0.365875
0.3672
0.3641
0.363525
0.36415
0.362075
0.3616
0.364775
0.36545
0.369275
0.36725
0.363225
0.36395
0.3675
0.36625
0.360375
0.35905
0.365075
0.370025
0.37075
0.3677
0.362
0.363725
0.3631
0.36915
0.3679
0.363975
0.3623
0.363075
0.36095
0.35895
0.361175
0.3648
0.36695
0.366775
0.3639
0.365275
0.362275
0.36955
0.3671
0.365625
0.3642
0.365
0.361425
0.3605
0.3527
0.3616
0.3598
0.359925
0.360925
0.361225
0.3624
0.36445
0.36645
0.36305
0.361375
0.36005
0.36325
0.358425
0.36585
0.363775
0.36335
0.362525
0.363425
0.3654
0.3692
0.365975
0.369025
0.36615
0.3613
0.361975
0.36065
0.359425
0.3642
0.3649
0.361725
0.36085
0.360525
0.361425
0.3566
0.356525
0.362225
0.36315
0.3618
0.36295
0.364075
0.3658
0.36735
0.3654
0.367275
0.367825
0.3671
0.362175
0.36085
0.3601
0.362325
0.3624
0.363475
0.362175
0.36285
0.364625
0.36275
0.365925
0.363575
0.3606
0.364875
0.364275
0.363575
0.361875
0.3622
0.364375
0.3632
0.3637
0.36385
0.36305
0.363825
0.367625
0.363975
0.35985
0.3601
0.3619
0.367225
0.36475
0.362875
0.36295
0.3639
0.3663
0.3675
0.36435
0.36155
0.360475
0.36035
0.362075
0.368575
0.36485
0.3664
0.3708
0.3657
0.365
0.365325
0.36385
0.366825
0.367125
0.3597
0.3629
0.3643
0.358225
0.36135
0.361925
0.3626
0.368725
0.370125
0.3668
0.365575
0.363975
0.362075
0.362925
0.3576
0.3633
0.36525
0.367475
0.3668
0.369075
0.36695
0.36315
0.364825
0.364775
0.36375
0.367125
0.364375
0.36565
0.3661
0.364975
0.36795
0.3675
0.364225
0.3661
0.3619
0.3649
0.363275
0.363525
0.365675
0.362
0.3625
0.363275
0.3612
0.361675
0.362675
0.3609
0.359125
0.36615
0.3672
0.3657
0.362425
0.359325
0.360325
0.363425
0.3607
0.367625
0.3674
0.36825
0.3701
0.36385
0.364875
0.36575
0.363025
0.361875
0.362475
0.365
0.365575
0.36575
0.365475
0.3669
0.362875
0.365775
0.36835
0.366625
0.3673
0.362675
0.363425
0.36265
0.359375
0.365
0.366075
0.36435
0.3669
0.365275
0.365175
0.366075
0.364425
0.36395
0.362975
0.363675
0.36275
0.365275
0.36375
0.362675
0.36135
0.3634
0.364525
0.367075
0.36505
0.360625
0.36025
0.3666
0.36695
0.36115
0.362625
0.365625
0.364725
0.36115
0.35965
0.363275
0.3661
0.367875
0.37085
0.370525
0.364325
0.363425
0.361875
0.364025
0.362525
0.3602
0.36245
0.3644
0.36025
0.36295
0.3651
0.362675
0.36415
0.36465
0.3663
0.362775
0.3645
0.36125
0.3676
0.364775
0.366525
0.364325
0.363225
0.36925
0.36445
0.36535
0.372
0.364725
0.363125
0.360925
0.363025
0.3608
0.36015
0.36605
0.366625
0.36275
0.362075
0.36675
0.36455
0.362625
0.3664
0.3657
0.366275
0.36625
0.3628
0.3635
0.36435
0.36645
0.365825
0.366225
0.3638
0.364375
0.36745
0.3691
0.369475
0.366025
0.36535
0.365675
0.36465
0.367075
0.36295
0.3606
0.365125
0.360025
0.36185
0.364525
0.3706
0.372075
0.3685
0.367625
0.364975
0.361025
0.36335
0.364175
0.3641
0.3642
0.362225
0.3652
0.365425
0.3631
0.362
0.3653
0.362875
0.359775
0.365825
0.3672
0.36315
0.363675
0.361775
0.360775
0.364075
0.362725
0.36125
0.363475
0.364275
0.365625
0.36375
0.362875
0.365225
0.362825
0.36725
0.3706
0.36535
0.364575
0.3658
0.365975
0.367375
0.363325
0.358725
0.359275
0.3612
0.362225
0.36345
0.364925
0.3648
0.365475
0.368025
0.3669
0.36435
0.3645
0.3625
0.36775
0.36385
0.365125
0.36645
0.368975
0.371225
0.365875
0.362075
0.36585
0.365
0.36205
0.362425
0.36915
0.363425
0.35985
0.35895
0.3607
0.363725
0.36235
0.364825
0.3665
0.363125
0.36615
0.3669
0.359825
0.3582
0.362
0.365675
0.365925
0.365675
0.361875
0.3607
0.3628
0.361025
0.360625
0.366725
0.3655
0.36735
0.36235
0.360675
0.3621
0.3616
0.36235
0.365125
0.3635
0.362225
0.362625
0.363475
0.360925
0.36695
0.3644
0.368725
0.368025
0.3667
0.365725
0.366825
0.37015
0.36575
0.36505
0.363475
0.36465
0.367825
0.369575
0.36595
0.3633
0.3618
0.363425
0.36615
0.368825
0.36445
0.36515
0.364325
0.3646
0.360925
0.363325
0.365275
0.365025
0.3637
0.36705
0.365825
0.365375
0.368475
0.367925
0.3646
0.3642
0.365675
0.370725
0.370575
0.36765
0.365275
0.363525
0.368025
0.362975
0.36625
0.3653
0.36135
0.362125
0.36375
0.362175
0.36645
0.367575
0.3654
0.3643
0.366225
0.3673
0.363425
0.368425
0.3653
0.367675
0.363525
0.36455
0.3681
0.36775
0.3637
0.36535
0.363525
0.36155
0.359525
0.362325
0.365875
0.367625
0.36825
0.3625
0.360275
0.363375
0.36545
0.36765
0.364775
0.366775
0.36685
0.3657
0.36665
0.365225
0.364575
0.361775
0.358575
0.36355
0.363175
0.363025
0.364925
0.3644
0.36885
0.368625
0.367525
0.36675
0.36755
0.36685
0.3721
0.36455
0.364075
0.36385
0.359375
0.36475
0.3627
0.363275
0.3666
0.366475
0.371775
0.3687
0.365875
0.365
0.364
0.3606
0.365275
0.3616
0.362275
0.36365
0.3599
0.361675
0.3631
0.363675
0.365425
0.3655
0.3626
0.3631
0.364775
0.36395
0.366375
0.36765
0.36545
0.3671
0.369
0.368125
0.367725
0.3648
0.359025
0.35745
0.358475
0.36525
0.3659
0.369225
0.370225
0.365225
0.367775
0.36775
0.366275
0.369825
0.3716
0.369975
0.36945
0.36535
0.366275
0.36485
0.363925
0.363975
0.36635
0.3633
0.36445
0.360675
0.363175
0.362725
0.365825
0.3608
0.359975
0.36225
0.3685
0.3631
0.3656
0.3607
0.35985
0.3625
0.367
0.366475
0.365425
0.36385
0.36585
0.3631
0.36435
0.3657
0.36335
0.36505
0.365725
0.365475
0.3668
0.369425
0.369575
0.365275
0.3635
0.3636
0.362725
0.363925
0.3622
0.367625
0.364525
0.366825
0.367575
0.36135
0.36155
0.362625
0.3608
0.363375
0.364775
0.3605
0.3629
0.3646
0.368275
0.36575
0.36155
0.3603
0.364325
0.35905
0.358725
0.363625
0.36625
0.36615
0.3683
0.3698
0.373575
0.36865
0.363575
0.366175
0.363325
0.361925
0.363275
0.364075
0.36335
0.362025
0.358975
0.3601
0.363875
0.361925
0.36225
0.363125
0.361
0.36025
0.360075
0.36105
0.361525
0.36
0.36445
0.36925
0.367275
0.368825
0.36545
0.359025
0.361675
0.3616
0.363
0.36555
0.36805
0.366075
0.36865
0.3618
0.364625
0.36385
0.36205
0.363125
0.363725
0.3621
0.36555
0.365825
0.362575
0.363475
0.3614
0.362
0.3626
0.3668
0.364875
0.3634
0.365925
0.36385
0.3639
0.363725
0.361125
0.361075
0.36385
0.363275
0.367275
0.36355
0.364925
0.361925
0.363675
0.360825
0.36455
0.365275
0.367275
0.36525
0.367125
0.366675
0.371275
0.364025
0.36075
0.362
0.36425
0.362625
0.3583
0.35895
0.359225
0.36275
0.3624
0.36155
0.365575
0.364975
0.363275
0.363725
0.36275
0.36325
0.361425
0.36555
0.3685
0.361525
0.3642
0.366175
0.365525
0.36155
0.3666
0.3694
0.362725
0.36455
0.364175
0.35855
0.356375
0.364425
0.3624
0.364325
0.3676
0.36815
0.372675
0.366025
0.367325
0.36095
0.363075
0.362975
0.368925
0.364925
0.36405
0.359475
0.3576
0.35815
0.36135
0.3629
0.361625
0.36305
0.3626
0.363525
0.3646
0.365475
0.3676
0.367475
0.3672
0.36825
0.363625
0.359525
0.358225
0.359525
0.3666
0.36395
0.3643
0.36615
0.3651
0.36145
0.359475
0.363575
0.36615
0.366475
0.361225
0.36215
0.362225
0.3593
0.357325
0.3594
0.3626
0.36315
0.364725
0.3651
0.36215
0.365725
0.36025
0.3625
0.368075
0.36845
0.365525
0.360775
0.3647
0.355925
0.358125
0.3592
0.363175
0.3595
0.361375
0.36395
0.36435
0.363225
0.364675
0.362525
0.369575
0.368025
0.364925
0.366675
0.369275
0.3634
0.363425
0.368375
0.368475
0.366725
0.366075
0.371675
0.370275
0.36305
0.36535
0.362925
0.3615
0.36205
0.3643
0.367425
0.3644
0.360775
0.365575
0.366675
0.367375
0.367325
0.365075
0.36555
0.363875
0.366975
0.36355
0.3662
0.359575
0.36435
0.3652
0.36685
0.36445
0.370275
0.369475
0.37025
0.371875
0.364525
0.36115
0.35885
0.365375
0.3697
0.36945
0.3635
0.364775
0.36395
0.3607
0.361975
0.3649
0.366375
0.363725
0.36895
0.370625
0.371175
0.3694
0.366275
0.368325
0.367375
0.3685
0.366625
0.362525
0.362075
0.362825
0.368875
0.3683
0.366075
0.36545
0.36305
0.362925
0.36535
0.367275
0.363475
0.36095
0.360275
0.35915
0.362425
0.36575
0.365125
0.361125
0.36205
0.361475
0.360625
0.362725
0.367525
0.364625
0.3644
0.3655
0.3618
0.36655
0.3678
0.366575
0.365725
0.36645
0.362775
0.362
0.371625
0.365775
0.361625
0.35935
0.36525
0.367975
0.366425
0.363825
0.362025
0.3628
0.362475
0.365175
0.3605
0.362525
0.366
0.36255
0.36095
0.362075
0.365775
0.366075
0.3612
0.35905
0.358025
0.35925
0.36335
0.365
0.362925
0.36545
0.360425
0.363225
0.36505
0.362175
0.367425
0.3704
0.368125
0.364125
0.363925
0.36055
0.358775
0.35835
0.3619
0.3633
0.363125
0.3614
0.36435
0.36215
0.3666
0.3664
0.36445
0.366475
0.3657
0.36465
0.3638
0.36585
0.369875
0.368225
0.364
0.367575
0.36425
0.3633
0.363125
0.366775
0.366775
0.364925
0.366125
0.36755
0.36735
0.3688
0.3624
0.361825
0.3645
0.36425
0.366775
0.36775
0.3664
0.3636
0.36045
0.3631
0.365475
0.369
0.3652
0.362325
0.364375
0.36445
0.36755
0.3663
0.36605
0.3626
0.361825
0.36365
0.3591
0.357475
0.3589
0.361775
0.36255
0.35995
0.35995
0.3629
0.368975
0.369575
0.368325
0.367375
0.36395
0.3644
0.364325
0.3635
0.3646
0.366525
0.3676
0.36625
0.3687
0.36885
0.366825
0.370575
0.3707
0.3612
0.3623
0.363375
0.35945
0.360325
0.36025
0.363675
0.36255
0.364075
0.3621
0.361575
0.36155
0.361
0.367825
0.366325
0.366525
0.3628
0.363625
0.361725
0.3652
0.359
0.3643
0.36205
0.365375
0.366925
0.370475
0.36945
0.36695
0.366925
0.368025
0.367175
0.3675
0.365825
0.365275
0.3656
0.3635
0.3598
0.3623
0.361775
0.364725
0.36955
0.365825
0.366
0.3674
0.36015
0.358575
0.3577
0.363775
0.363225
0.363925
0.36285
0.365475
0.3654
0.3644
0.3644
0.365175
0.364475
0.36565
0.3675
0.36405
0.367825
0.3647
0.36205
0.362725
0.357525
0.360025
0.36145
0.364475
0.368425
0.367925
0.370725
0.368375
0.3642
0.3611
0.36205
0.3637
0.365375
0.365
0.367325
0.366775
0.3656
0.364275
0.365475
0.3655
0.360725
0.3596
0.358825
0.3586
0.3635
0.3659
0.3638
0.3642
0.36395
0.364375
0.363425
0.35985
0.362975
0.365375
0.37025
0.36905
0.363075
0.3643
0.364125
0.362825
0.36605
0.3648
0.365725
0.364375
0.3673
0.36455
0.365225
0.3685
0.3652
0.363425
0.364575
0.3615
0.3629
0.3665
0.367875
0.367925
0.36775
0.36255
0.360875
0.360225
0.365775
0.364375
0.363525
0.364875
0.363425
0.359725
0.364075
0.36525
0.36355
0.36315
0.37095
0.37395
0.370375
0.3663
0.360425
0.36435
0.36575
0.3669
0.3666
0.367175
0.36875
0.371625
0.36775
0.366625
0.365725
0.368575
0.363425
0.361575
0.362325
0.35915
0.360775
0.367075
0.362925
0.363275
0.360875
0.36545
0.365725
0.364225
0.364525
