0.0
0.0
0.0
0.0
0.0
0.0
0.0
0.0
0.0
0.360825
0.360825
0.360825
0.360825
0.360825
0.360825
0.360825
0.360825
0.360825
0.360825
0.361475
0.361475
0.361475
0.361475
0.361475
0.361475
0.361475
0.361475
0.361475
0.361475
0.3711
0.3711
0.3711
0.3711
0.3711
0.3711
0.3711
0.3711
0.3711
0.3711
0.3703
0.3703
0.3703
0.3703
0.3703
0.3703
0.3703
0.3703
0.3703
0.3703
0.361975
0.361975
0.361975
0.361975
0.361975
0.361975
0.361975
0.361975
0.361975
0.361975
0.36635
0.36635
0.36635
0.36635
0.36635
0.36635
0.36635
0.36635
0.36635
0.36635
0.366475
0.366475
0.366475
0.366475
0.366475
0.366475
0.366475
0.366475
0.366475
0.366475
0.366225
0.366225
0.366225
0.366225
0.366225
0.366225
0.366225
0.366225
0.366225
0.366225
0.364875
0.364875
0.364875
0.364875
0.364875
0.364875
0.364875
0.364875
0.364875
0.364875
0.368825
0.368825
0.368825
0.368825
0.368825
0.368825
0.368825
0.368825
0.368825
0.368825
0.3659
0.3659
0.3659
0.3659
0.3659
0.3659
0.3659
0.3659
0.3659
0.3659
0.365175
0.365175
0.365175
0.365175
0.365175
0.365175
0.365175
0.365175
0.365175
0.365175
0.363075
0.363075
0.363075
0.363075
0.363075
0.363075
0.363075
0.363075
0.363075
0.363075
0.363725
0.363725
0.363725
0.363725
0.363725
0.363725
0.363725
0.363725
0.363725
0.363725
0.363725
0.363725
0.363725
0.363725
0.363725
0.363725
0.363725
0.363725
0.363725
0.363725
0.3682
0.3682
0.3682
0.3682
0.3682
0.3682
0.3682
0.3682
0.3682
0.3682
0.3611
0.3611
0.3611
0.3611
0.3611
0.3611
0.3611
0.3611
0.3611
0.3611
0.36875
0.36875
0.36875
0.36875
0.36875
0.36875
0.36875
0.36875
0.36875
0.36875
0.36835
0.36835
0.36835
0.36835
0.36835
0.36835
0.36835
0.36835
0.36835
0.36835
0.363225
0.363225
0.363225
0.363225
0.363225
0.363225
0.363225
0.363225
0.363225
0.363225
0.3644
0.3644
0.3644
0.3644
0.3644
0.3644
0.3644
0.3644
0.3644
0.3644
0.3673
0.3673
0.3673
0.3673
0.3673
0.3673
0.3673
0.3673
0.3673
0.3673
0.36335
0.36335
0.36335
0.36335
0.36335
0.36335
0.36335
0.36335
0.36335
0.36335
0.357775
0.357775
0.357775
0.357775
0.357775
0.357775
0.357775
0.357775
0.357775
0.357775
0.365725
0.365725
0.365725
0.365725
0.365725
0.365725
0.365725
0.365725
0.365725
0.365725
0.360525
0.360525
0.360525
0.360525
0.360525
0.360525
0.360525
0.360525
0.360525
0.360525
0.362125
0.362125
0.362125
0.362125
0.362125
0.362125
0.362125
0.362125
0.362125
0.362125
0.3628
0.3628
0.3628
0.3628
0.3628
0.3628
0.3628
0.3628
0.3628
0.3628
0.36735
0.36735
0.36735
0.36735
0.36735
0.36735
0.36735
0.36735
0.36735
0.36735
0.362175
0.362175
0.362175
0.362175
0.362175
0.362175
0.362175
0.362175
0.362175
0.362175
0.369525
0.369525
0.369525
0.369525
0.369525
0.369525
0.369525
0.369525
0.369525
0.369525
0.370925
0.370925
0.370925
0.370925
0.370925
0.370925
0.370925
0.370925
0.370925
0.370925
0.364425
0.364425
0.364425
0.364425
0.364425
0.364425
0.364425
0.364425
0.364425
0.364425
0.365275
0.365275
0.365275
0.365275
0.365275
0.365275
0.365275
0.365275
0.365275
0.365275
0.36565
0.36565
0.36565
0.36565
0.36565
0.36565
0.36565
0.36565
0.36565
0.36565
0.364075
0.364075
0.364075
0.364075
0.364075
0.364075
0.364075
0.364075
0.364075
0.364075
0.3696
0.3696
0.3696
0.3696
0.3696
0.3696
0.3696
0.3696
0.3696
0.3696
0.369875
0.369875
0.369875
0.369875
0.369875
0.369875
0.369875
0.369875
0.369875
0.369875
0.36365
0.36365
0.36365
0.36365
0.36365
0.36365
0.36365
0.36365
0.36365
0.36365
0.36185
0.36185
0.36185
0.36185
0.36185
0.36185
0.36185
0.36185
0.36185
0.36185
0.36095
0.36095
0.36095
0.36095
0.36095
0.36095
0.36095
0.36095
0.36095
0.36095
0.36545
0.36545
0.36545
0.36545
0.36545
0.36545
0.36545
0.36545
0.36545
0.36545
0.36575
0.36575
0.36575
0.36575
0.36575
0.36575
0.36575
0.36575
0.36575
0.36575
0.365125
0.365125
0.365125
0.365125
0.365125
0.365125
0.365125
0.365125
0.365125
0.365125
0.368425
0.368425
0.368425
0.368425
0.368425
0.368425
0.368425
0.368425
0.368425
0.368425
0.3604
0.3604
0.3604
0.3604
0.3604
0.3604
0.3604
0.3604
0.3604
0.3604
0.3648
0.3648
0.3648
0.3648
0.3648
0.3648
0.3648
0.3648
0.3648
0.3648
0.359
0.359
0.359
0.359
0.359
0.359
0.359
0.359
0.359
0.359
0.362825
0.362825
0.362825
0.362825
0.362825
0.362825
0.362825
0.362825
0.362825
0.362825
0.362975
0.362975
0.362975
0.362975
0.362975
0.362975
0.362975
0.362975
0.362975
0.362975
0.3643
0.3643
0.3643
0.3643
0.3643
0.3643
0.3643
0.3643
0.3643
0.3643
0.3667
0.3667
0.3667
0.3667
0.3667
0.3667
0.3667
0.3667
0.3667
0.3667
0.364775
0.364775
0.364775
0.364775
0.364775
0.364775
0.364775
0.364775
0.364775
0.364775
0.35875
0.35875
0.35875
0.35875
0.35875
0.35875
0.35875
0.35875
0.35875
0.35875
0.36805
0.36805
0.36805
0.36805
0.36805
0.36805
0.36805
0.36805
0.36805
0.36805
0.36635
0.36635
0.36635
0.36635
0.36635
0.36635
0.36635
0.36635
0.36635
0.36635
0.3656
0.3656
0.3656
0.3656
0.3656
0.3656
0.3656
0.3656
0.3656
0.3656
0.3631
0.3631
0.3631
0.3631
0.3631
0.3631
0.3631
0.3631
0.3631
0.3631
0.369525
0.369525
0.369525
0.369525
0.369525
0.369525
0.369525
0.369525
0.369525
0.369525
0.368625
0.368625
0.368625
0.368625
0.368625
0.368625
0.368625
0.368625
0.368625
0.368625
0.3718
0.3718
0.3718
0.3718
0.3718
0.3718
0.3718
0.3718
0.3718
0.3718
0.363075
0.363075
0.363075
0.363075
0.363075
0.363075
0.363075
0.363075
0.363075
0.363075
0.362875
0.362875
0.362875
0.362875
0.362875
0.362875
0.362875
0.362875
0.362875
0.362875
0.368025
0.368025
0.368025
0.368025
0.368025
0.368025
0.368025
0.368025
0.368025
0.368025
0.361325
0.361325
0.361325
0.361325
0.361325
0.361325
0.361325
0.361325
0.361325
0.361325
0.35705
0.35705
0.35705
0.35705
0.35705
0.35705
0.35705
0.35705
0.35705
0.35705
0.3637
0.3637
0.3637
0.3637
0.3637
0.3637
0.3637
0.3637
0.3637
0.3637
0.36995
0.36995
0.36995
0.36995
0.36995
0.36995
0.36995
0.36995
0.36995
0.36995
0.364375
0.364375
0.364375
0.364375
0.364375
0.364375
0.364375
0.364375
0.364375
0.364375
0.36195
0.36195
0.36195
0.36195
0.36195
0.36195
0.36195
0.36195
0.36195
0.36195
0.36285
0.36285
0.36285
0.36285
0.36285
0.36285
0.36285
0.36285
0.36285
0.36285
0.3636
0.3636
0.3636
0.3636
0.3636
0.3636
0.3636
0.3636
0.3636
0.3636
0.365625
0.365625
0.365625
0.365625
0.365625
0.365625
0.365625
0.365625
0.365625
0.365625
0.364925
0.364925
0.364925
0.364925
0.364925
0.364925
0.364925
0.364925
0.364925
0.364925
0.3663
0.3663
0.3663
0.3663
0.3663
0.3663
0.3663
0.3663
0.3663
0.3663
0.364675
0.364675
0.364675
0.364675
0.364675
0.364675
0.364675
0.364675
0.364675
0.364675
0.36455
0.36455
0.36455
0.36455
0.36455
0.36455
0.36455
0.36455
0.36455
0.36455
0.3671
0.3671
0.3671
0.3671
0.3671
0.3671
0.3671
0.3671
0.3671
0.3671
0.36045
0.36045
0.36045
0.36045
0.36045
0.36045
0.36045
0.36045
0.36045
0.36045
0.366225
0.366225
0.366225
0.366225
0.366225
0.366225
0.366225
0.366225
0.366225
0.366225
0.36785
0.36785
0.36785
0.36785
0.36785
0.36785
0.36785
0.36785
0.36785
0.36785
0.365675
0.365675
0.365675
0.365675
0.365675
0.365675
0.365675
0.365675
0.365675
0.365675
0.364075
0.364075
0.364075
0.364075
0.364075
0.364075
0.364075
0.364075
0.364075
0.364075
0.3633
0.3633
0.3633
0.3633
0.3633
0.3633
0.3633
0.3633
0.3633
0.3633
0.360925
0.360925
0.360925
0.360925
0.360925
0.360925
0.360925
0.360925
0.360925
0.360925
0.362075
0.362075
0.362075
0.362075
0.362075
0.362075
0.362075
0.362075
0.362075
0.362075
0.367325
0.367325
0.367325
0.367325
0.367325
0.367325
0.367325
0.367325
0.367325
0.367325
0.363475
0.363475
0.363475
0.363475
0.363475
0.363475
0.363475
0.363475
0.363475
0.363475
0.3613
0.3613
0.3613
0.3613
0.3613
0.3613
0.3613
0.3613
0.3613
0.3613
0.362975
0.362975
0.362975
0.362975
0.362975
0.362975
0.362975
0.362975
0.362975
0.362975
0.359675
0.359675
0.359675
0.359675
0.359675
0.359675
0.359675
0.359675
0.359675
0.359675
0.364875
0.364875
0.364875
0.364875
0.364875
0.364875
0.364875
0.364875
0.364875
0.364875
0.362975
0.362975
0.362975
0.362975
0.362975
0.362975
0.362975
0.362975
0.362975
0.362975
0.360975
0.360975
0.360975
0.360975
0.360975
0.360975
0.360975
0.360975
0.360975
0.360975
0.36325
0.36325
0.36325
0.36325
0.36325
0.36325
0.36325
0.36325
0.36325
0.36325
0.362825
0.362825
0.362825
0.362825
0.362825
0.362825
0.362825
0.362825
0.362825
0.362825
0.3628
0.3628
0.3628
0.3628
0.3628
0.3628
0.3628
0.3628
0.3628
0.3628
0.36135
0.36135
0.36135
0.36135
0.36135
0.36135
0.36135
0.36135
0.36135
0.36135
0.365125
0.365125
0.365125
0.365125
0.365125
0.365125
0.365125
0.365125
0.365125
0.365125
0.36135
0.36135
0.36135
0.36135
0.36135
0.36135
0.36135
0.36135
0.36135
0.36135
0.366375
0.366375
0.366375
0.366375
0.366375
0.366375
0.366375
0.366375
0.366375
0.366375
0.36535
0.36535
0.36535
0.36535
0.36535
0.36535
0.36535
0.36535
0.36535
0.36535
0.3688
0.3688
0.3688
0.3688
0.3688
0.3688
0.3688
0.3688
0.3688
0.3688
0.3649
0.3649
0.3649
0.3649
0.3649
0.3649
0.3649
0.3649
0.3649
0.3649
0.361375
0.361375
0.361375
0.361375
0.361375
0.361375
0.361375
0.361375
0.361375
0.361375
0.3652
0.3652
0.3652
0.3652
0.3652
0.3652
0.3652
0.3652
0.3652
0.3652
0.35955
0.35955
0.35955
0.35955
0.35955
0.35955
0.35955
0.35955
0.35955
0.35955
0.36665
0.36665
0.36665
0.36665
0.36665
0.36665
0.36665
0.36665
0.36665
0.36665
0.36035
0.36035
0.36035
0.36035
0.36035
0.36035
0.36035
0.36035
0.36035
0.36035
0.3622
0.3622
0.3622
0.3622
0.3622
0.3622
0.3622
0.3622
0.3622
0.3622
0.364825
0.364825
0.364825
0.364825
0.364825
0.364825
0.364825
0.364825
0.364825
0.364825
0.358725
0.358725
0.358725
0.358725
0.358725
0.358725
0.358725
0.358725
0.358725
0.358725
0.3666
0.3666
0.3666
0.3666
0.3666
0.3666
0.3666
0.3666
0.3666
0.3666
0.359975
0.359975
0.359975
0.359975
0.359975
0.359975
0.359975
0.359975
0.359975
0.359975
0.3637
0.3637
0.3637
0.3637
0.3637
0.3637
0.3637
0.3637
0.3637
0.3637
0.362975
0.362975
0.362975
0.362975
0.362975
0.362975
0.362975
0.362975
0.362975
0.362975
0.360675
0.360675
0.360675
0.360675
0.360675
0.360675
0.360675
0.360675
0.360675
0.360675
0.3687
0.3687
0.3687
0.3687
0.3687
0.3687
0.3687
0.3687
0.3687
0.3687
0.361725
0.361725
0.361725
0.361725
0.361725
0.361725
0.361725
0.361725
0.361725
0.361725
0.3605
0.3605
0.3605
0.3605
0.3605
0.3605
0.3605
0.3605
0.3605
0.3605
0.361725
0.361725
0.361725
0.361725
0.361725
0.361725
0.361725
0.361725
0.361725
0.361725
0.36365
0.36365
0.36365
0.36365
0.36365
0.36365
0.36365
0.36365
0.36365
0.36365
0.36245
0.36245
0.36245
0.36245
0.36245
0.36245
0.36245
0.36245
0.36245
0.36245
0.3664
0.3664
0.3664
0.3664
0.3664
0.3664
0.3664
0.3664
0.3664
0.3664
0.35805
0.35805
0.35805
0.35805
0.35805
0.35805
0.35805
0.35805
0.35805
0.35805
0.36795
0.36795
0.36795
0.36795
0.36795
0.36795
0.36795
0.36795
0.36795
0.36795
0.365125
0.365125
0.365125
0.365125
0.365125
0.365125
0.365125
0.365125
0.365125
0.365125
0.36105
0.36105
0.36105
0.36105
0.36105
0.36105
0.36105
0.36105
0.36105
0.36105
0.362675
0.362675
0.362675
0.362675
0.362675
0.362675
0.362675
0.362675
0.362675
0.362675
0.3636
0.3636
0.3636
0.3636
0.3636
0.3636
0.3636
0.3636
0.3636
0.3636
0.367825
0.367825
0.367825
0.367825
0.367825
0.367825
0.367825
0.367825
0.367825
0.367825
0.3661
0.3661
0.3661
0.3661
0.3661
0.3661
0.3661
0.3661
0.3661
0.3661
0.36365
0.36365
0.36365
0.36365
0.36365
0.36365
0.36365
0.36365
0.36365
0.36365
0.365
0.365
0.365
0.365
0.365
0.365
0.365
0.365
0.365
0.365
0.365475
0.365475
0.365475
0.365475
0.365475
0.365475
0.365475
0.365475
0.365475
0.365475
0.359925
0.359925
0.359925
0.359925
0.359925
0.359925
0.359925
0.359925
0.359925
0.359925
0.3677
0.3677
0.3677
0.3677
0.3677
0.3677
0.3677
0.3677
0.3677
0.3677
0.367275
0.367275
0.367275
0.367275
0.367275
0.367275
0.367275
0.367275
0.367275
0.367275
0.3652
0.3652
0.3652
0.3652
0.3652
0.3652
0.3652
0.3652
0.3652
0.3652
0.36565
0.36565
0.36565
0.36565
0.36565
0.36565
0.36565
0.36565
0.36565
0.36565
0.361075
0.361075
0.361075
0.361075
0.361075
0.361075
0.361075
0.361075
0.361075
0.361075
0.366375
0.366375
0.366375
0.366375
0.366375
0.366375
0.366375
0.366375
0.366375
0.366375
0.365125
0.365125
0.365125
0.365125
0.365125
0.365125
0.365125
0.365125
0.365125
0.365125
0.36735
0.36735
0.36735
0.36735
0.36735
0.36735
0.36735
0.36735
0.36735
0.36735
0.35905
0.35905
0.35905
0.35905
0.35905
0.35905
0.35905
0.35905
0.35905
0.35905
0.35995
0.35995
0.35995
0.35995
0.35995
0.35995
0.35995
0.35995
0.35995
0.35995
0.3673
0.3673
0.3673
0.3673
0.3673
0.3673
0.3673
0.3673
0.3673
0.3673
0.360075
0.360075
0.360075
0.360075
0.360075
0.360075
0.360075
0.360075
0.360075
0.360075
0.3627
0.3627
0.3627
0.3627
0.3627
0.3627
0.3627
0.3627
0.3627
0.3627
0.3619
0.3619
0.3619
0.3619
0.3619
0.3619
0.3619
0.3619
0.3619
0.3619
0.36465
0.36465
0.36465
0.36465
0.36465
0.36465
0.36465
0.36465
0.36465
0.36465
0.362925
0.362925
0.362925
0.362925
0.362925
0.362925
0.362925
0.362925
0.362925
0.362925
0.3649
0.3649
0.3649
0.3649
0.3649
0.3649
0.3649
0.3649
0.3649
0.3649
0.36205
0.36205
0.36205
0.36205
0.36205
0.36205
0.36205
0.36205
0.36205
0.36205
0.361725
0.361725
0.361725
0.361725
0.361725
0.361725
0.361725
0.361725
0.361725
0.361725
0.361925
0.361925
0.361925
0.361925
0.361925
0.361925
0.361925
0.361925
0.361925
0.361925
0.369125
0.369125
0.369125
0.369125
0.369125
0.369125
0.369125
0.369125
0.369125
0.369125
0.360575
0.360575
0.360575
0.360575
0.360575
0.360575
0.360575
0.360575
0.360575
0.360575
0.366375
0.366375
0.366375
0.366375
0.366375
0.366375
0.366375
0.366375
0.366375
0.366375
0.361575
0.361575
0.361575
0.361575
0.361575
0.361575
0.361575
0.361575
0.361575
0.361575
0.365525
0.365525
0.365525
0.365525
0.365525
0.365525
0.365525
0.365525
0.365525
0.365525
0.36325
0.36325
0.36325
0.36325
0.36325
0.36325
0.36325
0.36325
0.36325
0.36325
0.36165
0.36165
0.36165
0.36165
0.36165
0.36165
0.36165
0.36165
0.36165
0.36165
0.366275
0.366275
0.366275
0.366275
0.366275
0.366275
0.366275
0.366275
0.366275
0.366275
0.36955
0.36955
0.36955
0.36955
0.36955
0.36955
0.36955
0.36955
0.36955
0.36955
0.363825
0.363825
0.363825
0.363825
0.363825
0.363825
0.363825
0.363825
0.363825
0.363825
0.359775
0.359775
0.359775
0.359775
0.359775
0.359775
0.359775
0.359775
0.359775
0.359775
0.364975
0.364975
0.364975
0.364975
0.364975
0.364975
0.364975
0.364975
0.364975
0.364975
0.362725
0.362725
0.362725
0.362725
0.362725
0.362725
0.362725
0.362725
0.362725
0.362725
0.36475
0.36475
0.36475
0.36475
0.36475
0.36475
0.36475
0.36475
0.36475
0.36475
0.363575
0.363575
0.363575
0.363575
0.363575
0.363575
0.363575
0.363575
0.363575
0.363575
0.3625
0.3625
0.3625
0.3625
0.3625
0.3625
0.3625
0.3625
0.3625
0.3625
0.36895
0.36895
0.36895
0.36895
0.36895
0.36895
0.36895
0.36895
0.36895
0.36895
0.360675
0.360675
0.360675
0.360675
0.360675
0.360675
0.360675
0.360675
0.360675
0.360675
0.365925
0.365925
0.365925
0.365925
0.365925
0.365925
0.365925
0.365925
0.365925
0.365925
0.3576
0.3576
0.3576
0.3576
0.3576
0.3576
0.3576
0.3576
0.3576
0.3576
0.36315
0.36315
0.36315
0.36315
0.36315
0.36315
0.36315
0.36315
0.36315
0.36315
0.365375
0.365375
0.365375
0.365375
0.365375
0.365375
0.365375
0.365375
0.365375
0.365375
0.36345
0.36345
0.36345
0.36345
0.36345
0.36345
0.36345
0.36345
0.36345
0.36345
0.36585
0.36585
0.36585
0.36585
0.36585
0.36585
0.36585
0.36585
0.36585
0.36585
0.363425
0.363425
0.363425
0.363425
0.363425
0.363425
0.363425
0.363425
0.363425
0.363425
0.36645
0.36645
0.36645
0.36645
0.36645
0.36645
0.36645
0.36645
0.36645
0.36645
0.36385
0.36385
0.36385
0.36385
0.36385
0.36385
0.36385
0.36385
0.36385
0.36385
0.361
0.361
0.361
0.361
0.361
0.361
0.361
0.361
0.361
0.361
0.364175
0.364175
0.364175
0.364175
0.364175
0.364175
0.364175
0.364175
0.364175
0.364175
0.364525
0.364525
0.364525
0.364525
0.364525
0.364525
0.364525
0.364525
0.364525
0.364525
0.3647
0.3647
0.3647
0.3647
0.3647
0.3647
0.3647
0.3647
0.3647
0.3647
0.3616
0.3616
0.3616
0.3616
0.3616
0.3616
0.3616
0.3616
0.3616
0.3616
0.368425
0.368425
0.368425
0.368425
0.368425
0.368425
0.368425
0.368425
0.368425
0.368425
0.366
0.366
0.366
0.366
0.366
0.366
0.366
0.366
0.366
0.366
0.3581
0.3581
0.3581
0.3581
0.3581
0.3581
0.3581
0.3581
0.3581
0.3581
0.3654
0.3654
0.3654
0.3654
0.3654
0.3654
0.3654
0.3654
0.3654
0.3654
0.362975
0.362975
0.362975
0.362975
0.362975
0.362975
0.362975
0.362975
0.362975
0.362975
0.363775
0.363775
0.363775
0.363775
0.363775
0.363775
0.363775
0.363775
0.363775
0.363775
0.36135
0.36135
0.36135
0.36135
0.36135
0.36135
0.36135
0.36135
0.36135
0.36135
0.3635
0.3635
0.3635
0.3635
0.3635
0.3635
0.3635
0.3635
0.3635
0.3635
0.36265
0.36265
0.36265
0.36265
0.36265
0.36265
0.36265
0.36265
0.36265
0.36265
0.370325
0.370325
0.370325
0.370325
0.370325
0.370325
0.370325
0.370325
0.370325
0.370325
0.3685
0.3685
0.3685
0.3685
0.3685
0.3685
0.3685
0.3685
0.3685
0.3685
0.3662
0.3662
0.3662
0.3662
0.3662
0.3662
0.3662
0.3662
0.3662
0.3662
0.36805
0.36805
0.36805
0.36805
0.36805
0.36805
0.36805
0.36805
0.36805
0.36805
0.363225
0.363225
0.363225
0.363225
0.363225
0.363225
0.363225
0.363225
0.363225
0.363225
0.36605
0.36605
0.36605
0.36605
0.36605
0.36605
0.36605
0.36605
0.36605
0.36605
0.366875
0.366875
0.366875
0.366875
0.366875
0.366875
0.366875
0.366875
0.366875
0.366875
0.3641
0.3641
0.3641
0.3641
0.3641
0.3641
0.3641
0.3641
0.3641
0.3641
0.36385
0.36385
0.36385
0.36385
0.36385
0.36385
0.36385
0.36385
0.36385
0.36385
0.3671
0.3671
0.3671
0.3671
0.3671
0.3671
0.3671
0.3671
0.3671
0.3671
0.36975
0.36975
0.36975
0.36975
0.36975
0.36975
0.36975
0.36975
0.36975
0.36975
0.365125
0.365125
0.365125
0.365125
0.365125
0.365125
0.365125
0.365125
0.365125
0.365125
0.3626
0.3626
0.3626
0.3626
0.3626
0.3626
0.3626
0.3626
0.3626
0.3626
0.362575
0.362575
0.362575
0.362575
0.362575
0.362575
0.362575
0.362575
0.362575
0.362575
0.368575
0.368575
0.368575
0.368575
0.368575
0.368575
0.368575
0.368575
0.368575
0.368575
0.3685
0.3685
0.3685
0.3685
0.3685
0.3685
0.3685
0.3685
0.3685
0.3685
0.36265
0.36265
0.36265
0.36265
0.36265
0.36265
0.36265
0.36265
0.36265
0.36265
0.366025
0.366025
0.366025
0.366025
0.366025
0.366025
0.366025
0.366025
0.366025
0.366025
0.3694
0.3694
0.3694
0.3694
0.3694
0.3694
0.3694
0.3694
0.3694
0.3694
0.3614
0.3614
0.3614
0.3614
0.3614
0.3614
0.3614
0.3614
0.3614
0.3614
0.3636
0.3636
0.3636
0.3636
0.3636
0.3636
0.3636
0.3636
0.3636
0.3636
0.362075
0.362075
0.362075
0.362075
0.362075
0.362075
0.362075
0.362075
0.362075
0.362075
0.36695
0.36695
0.36695
0.36695
0.36695
0.36695
0.36695
0.36695
0.36695
0.36695
0.36695
0.36695
0.36695
0.36695
0.36695
0.36695
0.36695
0.36695
0.36695
0.36695
0.36505
0.36505
0.36505
0.36505
0.36505
0.36505
0.36505
0.36505
0.36505
0.36505
0.368475
0.368475
0.368475
0.368475
0.368475
0.368475
0.368475
0.368475
0.368475
0.368475
0.37035
0.37035
0.37035
0.37035
0.37035
0.37035
0.37035
0.37035
0.37035
0.37035
0.364675
0.364675
0.364675
0.364675
0.364675
0.364675
0.364675
0.364675
0.364675
0.364675
0.366775
0.366775
0.366775
0.366775
0.366775
0.366775
0.366775
0.366775
0.366775
0.366775
0.36175
0.36175
0.36175
0.36175
0.36175
0.36175
0.36175
0.36175
0.36175
0.36175
0.369975
0.369975
0.369975
0.369975
0.369975
0.369975
0.369975
0.369975
0.369975
0.369975
0.36505
0.36505
0.36505
0.36505
0.36505
0.36505
0.36505
0.36505
0.36505
0.36505
0.363375
0.363375
0.363375
0.363375
0.363375
0.363375
0.363375
0.363375
0.363375
0.363375
0.36495
0.36495
0.36495
0.36495
0.36495
0.36495
0.36495
0.36495
0.36495
0.36495
0.366225
0.366225
0.366225
0.366225
0.366225
0.366225
0.366225
0.366225
0.366225
0.366225
0.3603
0.3603
0.3603
0.3603
0.3603
0.3603
0.3603
0.3603
0.3603
0.3603
0.3657
0.3657
0.3657
0.3657
0.3657
0.3657
0.3657
0.3657
0.3657
0.3657
0.36505
0.36505
0.36505
0.36505
0.36505
0.36505
0.36505
0.36505
0.36505
0.36505
0.359675
0.359675
0.359675
0.359675
0.359675
0.359675
0.359675
0.359675
0.359675
0.359675
0.35955
0.35955
0.35955
0.35955
0.35955
0.35955
0.35955
0.35955
0.35955
0.35955
0.36765
0.36765
0.36765
0.36765
0.36765
0.36765
0.36765
0.36765
0.36765
0.36765
0.3651
0.3651
0.3651
0.3651
0.3651
0.3651
0.3651
0.3651
0.3651
0.3651
0.357525
0.357525
0.357525
0.357525
0.357525
0.357525
0.357525
0.357525
0.357525
0.357525
0.3651
0.3651
0.3651
0.3651
0.3651
0.3651
0.3651
0.3651
0.3651
0.3651
0.3645
0.3645
0.3645
0.3645
0.3645
0.3645
0.3645
0.3645
0.3645
0.3645
0.360875
0.360875
0.360875
0.360875
0.360875
0.360875
0.360875
0.360875
0.360875
0.360875
0.369675
0.369675
0.369675
0.369675
0.369675
0.369675
0.369675
0.369675
0.369675
0.369675
0.360525
0.360525
0.360525
0.360525
0.360525
0.360525
0.360525
0.360525
0.360525
0.360525
0.364225
0.364225
0.364225
0.364225
0.364225
0.364225
0.364225
0.364225
0.364225
0.364225
0.363925
0.363925
0.363925
0.363925
0.363925
0.363925
0.363925
0.363925
0.363925
0.363925
0.3619
0.3619
0.3619
0.3619
0.3619
0.3619
0.3619
0.3619
0.3619
0.3619
0.36025
0.36025
0.36025
0.36025
0.36025
0.36025
0.36025
0.36025
0.36025
0.36025
0.365225
0.365225
0.365225
0.365225
0.365225
0.365225
0.365225
0.365225
0.365225
0.365225
0.36425
0.36425
0.36425
0.36425
0.36425
0.36425
0.36425
0.36425
0.36425
0.36425
0.3653
0.3653
0.3653
0.3653
0.3653
0.3653
0.3653
0.3653
0.3653
0.3653
0.367425
0.367425
0.367425
0.367425
0.367425
0.367425
0.367425
0.367425
0.367425
0.367425
0.365225
0.365225
0.365225
0.365225
0.365225
0.365225
0.365225
0.365225
0.365225
0.365225
0.363025
0.363025
0.363025
0.363025
0.363025
0.363025
0.363025
0.363025
0.363025
0.363025
0.36425
0.36425
0.36425
0.36425
0.36425
0.36425
0.36425
0.36425
0.36425
0.36425
0.3635
0.3635
0.3635
0.3635
0.3635
0.3635
0.3635
0.3635
0.3635
0.3635
0.3661
0.3661
0.3661
0.3661
0.3661
0.3661
0.3661
0.3661
0.3661
0.3661
0.357125
0.357125
0.357125
0.357125
0.357125
0.357125
0.357125
0.357125
0.357125
0.357125
0.364425
0.364425
0.364425
0.364425
0.364425
0.364425
0.364425
0.364425
0.364425
0.364425
0.363275
0.363275
0.363275
0.363275
0.363275
0.363275
0.363275
0.363275
0.363275
0.363275
0.366325
0.366325
0.366325
0.366325
0.366325
0.366325
0.366325
0.366325
0.366325
0.366325
0.363125
0.363125
0.363125
0.363125
0.363125
0.363125
0.363125
0.363125
0.363125
0.363125
0.362775
0.362775
0.362775
0.362775
0.362775
0.362775
0.362775
0.362775
0.362775
0.362775
0.3674
0.3674
0.3674
0.3674
0.3674
0.3674
0.3674
0.3674
0.3674
0.3674
0.363375
0.363375
0.363375
0.363375
0.363375
0.363375
0.363375
0.363375
0.363375
0.363375
0.364625
0.364625
0.364625
0.364625
0.364625
0.364625
0.364625
0.364625
0.364625
0.364625
0.36565
0.36565
0.36565
0.36565
0.36565
0.36565
0.36565
0.36565
0.36565
0.36565
0.36685
0.36685
0.36685
0.36685
0.36685
0.36685
0.36685
0.36685
0.36685
0.36685
0.361125
0.361125
0.361125
0.361125
0.361125
0.361125
0.361125
0.361125
0.361125
0.361125
0.362925
0.362925
0.362925
0.362925
0.362925
0.362925
0.362925
0.362925
0.362925
0.362925
0.36935
0.36935
0.36935
0.36935
0.36935
0.36935
0.36935
0.36935
0.36935
0.36935
0.362975
0.362975
0.362975
0.362975
0.362975
0.362975
0.362975
0.362975
0.362975
0.362975
0.36675
0.36675
0.36675
0.36675
0.36675
0.36675
0.36675
0.36675
0.36675
0.36675
0.36715
0.36715
0.36715
0.36715
0.36715
0.36715
0.36715
0.36715
0.36715
0.36715
0.372975
0.372975
0.372975
0.372975
0.372975
0.372975
0.372975
0.372975
0.372975
0.372975
0.3685
0.3685
0.3685
0.3685
0.3685
0.3685
0.3685
0.3685
0.3685
0.3685
0.365675
0.365675
0.365675
0.365675
0.365675
0.365675
0.365675
0.365675
0.365675
0.365675
0.36025
0.36025
0.36025
0.36025
0.36025
0.36025
0.36025
0.36025
0.36025
0.36025
0.3666
0.3666
0.3666
0.3666
0.3666
0.3666
0.3666
0.3666
0.3666
0.3666
0.359325
0.359325
0.359325
0.359325
0.359325
0.359325
0.359325
0.359325
0.359325
0.359325
0.359825
0.359825
0.359825
0.359825
0.359825
0.359825
0.359825
0.359825
0.359825
0.359825
0.360825
0.360825
0.360825
0.360825
0.360825
0.360825
0.360825
0.360825
0.360825
0.360825
0.361925
0.361925
0.361925
0.361925
0.361925
0.361925
0.361925
0.361925
0.361925
0.361925
0.359075
0.359075
0.359075
0.359075
0.359075
0.359075
0.359075
0.359075
0.359075
0.359075
0.36565
0.36565
0.36565
0.36565
0.36565
0.36565
0.36565
0.36565
0.36565
0.36565
0.3621
0.3621
0.3621
0.3621
0.3621
0.3621
0.3621
0.3621
0.3621
0.3621
0.36665
0.36665
0.36665
0.36665
0.36665
0.36665
0.36665
0.36665
0.36665
0.36665
0.3695
0.3695
0.3695
0.3695
0.3695
0.3695
0.3695
0.3695
0.3695
0.3695
0.37175
0.37175
0.37175
0.37175
0.37175
0.37175
0.37175
0.37175
0.37175
0.37175
0.366825
0.366825
0.366825
0.366825
0.366825
0.366825
0.366825
0.366825
0.366825
0.366825
0.364125
0.364125
0.364125
0.364125
0.364125
0.364125
0.364125
0.364125
0.364125
0.364125
0.3676
0.3676
0.3676
0.3676
0.3676
0.3676
0.3676
0.3676
0.3676
0.3676
0.367525
0.367525
0.367525
0.367525
0.367525
0.367525
0.367525
0.367525
0.367525
0.367525
0.368525
0.368525
0.368525
0.368525
0.368525
0.368525
0.368525
0.368525
0.368525
0.368525
0.365225
0.365225
0.365225
0.365225
0.365225
0.365225
0.365225
0.365225
0.365225
0.365225
0.3735
0.3735
0.3735
0.3735
0.3735
0.3735
0.3735
0.3735
0.3735
0.3735
0.3708
0.3708
0.3708
0.3708
0.3708
0.3708
0.3708
0.3708
0.3708
0.3708
0.369125
0.369125
0.369125
0.369125
0.369125
0.369125
0.369125
0.369125
0.369125
0.369125
0.3649
0.3649
0.3649
0.3649
0.3649
0.3649
0.3649
0.3649
0.3649
0.3649
0.37035
0.37035
0.37035
0.37035
0.37035
0.37035
0.37035
0.37035
0.37035
0.37035
0.369625
0.369625
0.369625
0.369625
0.369625
0.369625
0.369625
0.369625
0.369625
0.369625
0.363225
0.363225
0.363225
0.363225
0.363225
0.363225
0.363225
0.363225
0.363225
0.363225
0.365075
0.365075
0.365075
0.365075
0.365075
0.365075
0.365075
0.365075
0.365075
0.365075
0.36335
0.36335
0.36335
0.36335
0.36335
0.36335
0.36335
0.36335
0.36335
0.36335
0.366375
0.366375
0.366375
0.366375
0.366375
0.366375
0.366375
0.366375
0.366375
0.366375
0.367575
0.367575
0.367575
0.367575
0.367575
0.367575
0.367575
0.367575
0.367575
0.367575
0.36705
0.36705
0.36705
0.36705
0.36705
0.36705
0.36705
0.36705
0.36705
0.36705
0.3644
0.3644
0.3644
0.3644
0.3644
0.3644
0.3644
0.3644
0.3644
0.3644
0.36325
0.36325
0.36325
0.36325
0.36325
0.36325
0.36325
0.36325
0.36325
0.36325
0.368175
0.368175
0.368175
0.368175
0.368175
0.368175
0.368175
0.368175
0.368175
0.368175
0.363075
0.363075
0.363075
0.363075
0.363075
0.363075
0.363075
0.363075
0.363075
0.363075
0.364375
0.364375
0.364375
0.364375
0.364375
0.364375
0.364375
0.364375
0.364375
0.364375
0.364175
0.364175
0.364175
0.364175
0.364175
0.364175
0.364175
0.364175
0.364175
0.364175
0.36605
0.36605
0.36605
0.36605
0.36605
0.36605
0.36605
0.36605
0.36605
0.36605
0.363775
0.363775
0.363775
0.363775
0.363775
0.363775
0.363775
0.363775
0.363775
0.363775
0.368575
0.368575
0.368575
0.368575
0.368575
0.368575
0.368575
0.368575
0.368575
0.368575
0.366225
0.366225
0.366225
0.366225
0.366225
0.366225
0.366225
0.366225
0.366225
0.366225
0.363625
0.363625
0.363625
0.363625
0.363625
0.363625
0.363625
0.363625
0.363625
0.363625
0.36445
0.36445
0.36445
0.36445
0.36445
0.36445
0.36445
0.36445
0.36445
0.36445
0.358875
0.358875
0.358875
0.358875
0.358875
0.358875
0.358875
0.358875
0.358875
0.358875
0.366875
0.366875
0.366875
0.366875
0.366875
0.366875
0.366875
0.366875
0.366875
0.366875
0.364875
0.364875
0.364875
0.364875
0.364875
0.364875
0.364875
0.364875
0.364875
0.364875
0.3629
0.3629
0.3629
0.3629
0.3629
0.3629
0.3629
0.3629
0.3629
0.3629
0.35935
0.35935
0.35935
0.35935
0.35935
0.35935
0.35935
0.35935
0.35935
0.35935
0.361375
0.361375
0.361375
0.361375
0.361375
0.361375
0.361375
0.361375
0.361375
0.361375
0.363625
0.363625
0.363625
0.363625
0.363625
0.363625
0.363625
0.363625
0.363625
0.363625
0.366775
0.366775
0.366775
0.366775
0.366775
0.366775
0.366775
0.366775
0.366775
0.366775
0.3596
0.3596
0.3596
0.3596
0.3596
0.3596
0.3596
0.3596
0.3596
0.3596
0.36975
0.36975
0.36975
0.36975
0.36975
0.36975
0.36975
0.36975
0.36975
0.36975
0.365525
0.365525
0.365525
0.365525
0.365525
0.365525
0.365525
0.365525
0.365525
0.365525
0.365325
0.365325
0.365325
0.365325
0.365325
0.365325
0.365325
0.365325
0.365325
0.365325
0.36485
0.36485
0.36485
0.36485
0.36485
0.36485
0.36485
0.36485
0.36485
0.36485
0.371975
0.371975
0.371975
0.371975
0.371975
0.371975
0.371975
0.371975
0.371975
0.371975
0.365525
0.365525
0.365525
0.365525
0.365525
0.365525
0.365525
0.365525
0.365525
0.365525
0.362775
0.362775
0.362775
0.362775
0.362775
0.362775
0.362775
0.362775
0.362775
0.362775
0.363875
0.363875
0.363875
0.363875
0.363875
0.363875
0.363875
0.363875
0.363875
0.363875
0.362425
0.362425
0.362425
0.362425
0.362425
0.362425
0.362425
0.362425
0.362425
0.362425
0.365125
0.365125
0.365125
0.365125
0.365125
0.365125
0.365125
0.365125
0.365125
0.365125
0.363525
0.363525
0.363525
0.363525
0.363525
0.363525
0.363525
0.363525
0.363525
0.363525
0.363675
0.363675
0.363675
0.363675
0.363675
0.363675
0.363675
0.363675
0.363675
0.363675
0.367625
0.367625
0.367625
0.367625
0.367625
0.367625
0.367625
0.367625
0.367625
0.367625
0.3671
0.3671
0.3671
0.3671
0.3671
0.3671
0.3671
0.3671
0.3671
0.3671
0.36465
0.36465
0.36465
0.36465
0.36465
0.36465
0.36465
0.36465
0.36465
0.36465
0.361525
0.361525
0.361525
0.361525
0.361525
0.361525
0.361525
0.361525
0.361525
0.361525
0.363325
0.363325
0.363325
0.363325
0.363325
0.363325
0.363325
0.363325
0.363325
0.363325
0.36175
0.36175
0.36175
0.36175
0.36175
0.36175
0.36175
0.36175
0.36175
0.36175
0.358825
0.358825
0.358825
0.358825
0.358825
0.358825
0.358825
0.358825
0.358825
0.358825
0.365075
0.365075
0.365075
0.365075
0.365075
0.365075
0.365075
0.365075
0.365075
0.365075
0.364725
0.364725
0.364725
0.364725
0.364725
0.364725
0.364725
0.364725
0.364725
0.364725
0.362125
0.362125
0.362125
0.362125
0.362125
0.362125
0.362125
0.362125
0.362125
0.362125
0.36625
0.36625
0.36625
0.36625
0.36625
0.36625
0.36625
0.36625
0.36625
0.36625
0.36515
0.36515
0.36515
0.36515
0.36515
0.36515
0.36515
0.36515
0.36515
0.36515
0.364475
0.364475
0.364475
0.364475
0.364475
0.364475
0.364475
0.364475
0.364475
0.364475
0.372125
0.372125
0.372125
0.372125
0.372125
0.372125
0.372125
0.372125
0.372125
0.372125
0.369125
0.369125
0.369125
0.369125
0.369125
0.369125
0.369125
0.369125
0.369125
0.369125
0.36485
0.36485
0.36485
0.36485
0.36485
0.36485
0.36485
0.36485
0.36485
0.36485
0.362225
0.362225
0.362225
0.362225
0.362225
0.362225
0.362225
0.362225
0.362225
0.362225
0.3628
0.3628
0.3628
0.3628
0.3628
0.3628
0.3628
0.3628
0.3628
0.3628
0.3617
0.3617
0.3617
0.3617
0.3617
0.3617
0.3617
0.3617
0.3617
0.3617
0.364225
0.364225
0.364225
0.364225
0.364225
0.364225
0.364225
0.364225
0.364225
0.364225
0.36445
0.36445
0.36445
0.36445
0.36445
0.36445
0.36445
0.36445
0.36445
0.36445
0.364875
0.364875
0.364875
0.364875
0.364875
0.364875
0.364875
0.364875
0.364875
0.364875
0.364375
0.364375
0.364375
0.364375
0.364375
0.364375
0.364375
0.364375
0.364375
0.364375
0.367975
0.367975
0.367975
0.367975
0.367975
0.367975
0.367975
0.367975
0.367975
0.367975
0.3611
0.3611
0.3611
0.3611
0.3611
0.3611
0.3611
0.3611
0.3611
0.3611
0.36485
0.36485
0.36485
0.36485
0.36485
0.36485
0.36485
0.36485
0.36485
0.36485
0.363725
0.363725
0.363725
0.363725
0.363725
0.363725
0.363725
0.363725
0.363725
0.363725
0.360375
0.360375
0.360375
0.360375
0.360375
0.360375
0.360375
0.360375
0.360375
0.360375
0.359925
0.359925
0.359925
0.359925
0.359925
0.359925
0.359925
0.359925
0.359925
0.359925
0.364775
0.364775
0.364775
0.364775
0.364775
0.364775
0.364775
0.364775
0.364775
0.364775
0.365125
0.365125
0.365125
0.365125
0.365125
0.365125
0.365125
0.365125
0.365125
0.365125
0.365425
0.365425
0.365425
0.365425
0.365425
0.365425
0.365425
0.365425
0.365425
0.365425
0.3655
0.3655
0.3655
0.3655
0.3655
0.3655
0.3655
0.3655
0.3655
0.3655
0.3692
0.3692
0.3692
0.3692
0.3692
0.3692
0.3692
0.3692
0.3692
0.3692
0.370675
0.370675
0.370675
0.370675
0.370675
0.370675
0.370675
0.370675
0.370675
0.370675
0.366425
0.366425
0.366425
0.366425
0.366425
0.366425
0.366425
0.366425
0.366425
0.366425
0.36955
0.36955
0.36955
0.36955
0.36955
0.36955
0.36955
0.36955
0.36955
0.36955
0.3671
0.3671
0.3671
0.3671
0.3671
0.3671
0.3671
0.3671
0.3671
0.3671
0.360225
0.360225
0.360225
0.360225
0.360225
0.360225
0.360225
0.360225
0.360225
0.360225
0.3633
0.3633
0.3633
0.3633
0.3633
0.3633
0.3633
0.3633
0.3633
0.3633
0.3642
0.3642
0.3642
0.3642
0.3642
0.3642
0.3642
0.3642
0.3642
0.3642
0.3615
0.3615
0.3615
0.3615
0.3615
0.3615
0.3615
0.3615
0.3615
0.3615
0.36395
0.36395
0.36395
0.36395
0.36395
0.36395
0.36395
0.36395
0.36395
0.36395
0.365
0.365
0.365
0.365
0.365
0.365
0.365
0.365
0.365
0.365
0.366425
0.366425
0.366425
0.366425
0.366425
0.366425
0.366425
0.366425
0.366425
0.366425
0.362925
0.362925
0.362925
0.362925
0.362925
0.362925
0.362925
0.362925
0.362925
0.362925
0.3713
0.3713
0.3713
0.3713
0.3713
0.3713
0.3713
0.3713
0.3713
0.3713
0.368125
0.368125
0.368125
0.368125
0.368125
0.368125
0.368125
0.368125
0.368125
0.368125
0.37205
0.37205
0.37205
0.37205
0.37205
0.37205
0.37205
0.37205
0.37205
0.37205
0.370175
0.370175
0.370175
0.370175
0.370175
0.370175
0.370175
0.370175
0.370175
0.370175
0.3631
0.3631
0.3631
0.3631
0.3631
0.3631
0.3631
0.3631
0.3631
0.3631
0.363525
0.363525
0.363525
0.363525
0.363525
0.363525
0.363525
0.363525
0.363525
0.363525
0.36095
0.36095
0.36095
0.36095
0.36095
0.36095
0.36095
0.36095
0.36095
0.36095
0.3653
0.3653
0.3653
0.3653
0.3653
0.3653
0.3653
0.3653
0.3653
0.3653
0.3616
0.3616
0.3616
0.3616
0.3616
0.3616
0.3616
0.3616
0.3616
0.3616
0.362275
0.362275
0.362275
0.362275
0.362275
0.362275
0.362275
0.362275
0.362275
0.362275
0.3634
0.3634
0.3634
0.3634
0.3634
0.3634
0.3634
0.3634
0.3634
0.3634
0.366925
0.366925
0.366925
0.366925
0.366925
0.366925
0.366925
0.366925
0.366925
0.366925
0.3636
0.3636
0.3636
0.3636
0.3636
0.3636
0.3636
0.3636
0.3636
0.3636
0.3617
0.3617
0.3617
0.3617
0.3617
0.3617
0.3617
0.3617
0.3617
0.3617
0.36425
0.36425
0.36425
0.36425
0.36425
0.36425
0.36425
0.36425
0.36425
0.36425
0.363275
0.363275
0.363275
0.363275
0.363275
0.363275
0.363275
0.363275
0.363275
0.363275
0.36695
0.36695
0.36695
0.36695
0.36695
0.36695
0.36695
0.36695
0.36695
0.36695
0.36025
0.36025
0.36025
0.36025
0.36025
0.36025
0.36025
0.36025
0.36025
0.36025
0.366025
0.366025
0.366025
0.366025
0.366025
0.366025
0.366025
0.366025
0.366025
0.366025
0.36185
0.36185
0.36185
0.36185
0.36185
0.36185
0.36185
0.36185
0.36185
0.36185
0.364675
0.364675
0.364675
0.364675
0.364675
0.364675
0.364675
0.364675
0.364675
0.364675
0.3619
0.3619
0.3619
0.3619
0.3619
0.3619
0.3619
0.3619
0.3619
0.3619
0.36885
0.36885
0.36885
0.36885
0.36885
0.36885
0.36885
0.36885
0.36885
0.36885
0.3624
0.3624
0.3624
0.3624
0.3624
0.3624
0.3624
0.3624
0.3624
0.3624
0.372675
0.372675
0.372675
0.372675
0.372675
0.372675
0.372675
0.372675
0.372675
0.372675
0.360425
0.360425
0.360425
0.360425
0.360425
0.360425
0.360425
0.360425
0.360425
0.360425
0.36425
0.36425
0.36425
0.36425
0.36425
0.36425
0.36425
0.36425
0.36425
0.36425
0.368425
0.368425
0.368425
0.368425
0.368425
0.368425
0.368425
0.368425
0.368425
0.368425
0.36095
0.36095
0.36095
0.36095
0.36095
0.36095
0.36095
0.36095
0.36095
0.36095
0.36245
0.36245
0.36245
0.36245
0.36245
0.36245
0.36245
0.36245
0.36245
0.36245
0.36625
0.36625
0.36625
0.36625
0.36625
0.36625
0.36625
0.36625
0.36625
0.36625
0.3633
0.3633
0.3633
0.3633
0.3633
0.3633
0.3633
0.3633
0.3633
0.3633
0.3661
0.3661
0.3661
0.3661
0.3661
0.3661
0.3661
0.3661
0.3661
0.3661
0.36055
0.36055
0.36055
0.36055
0.36055
0.36055
0.36055
0.36055
0.36055
0.36055
0.3608
0.3608
0.3608
0.3608
0.3608
0.3608
0.3608
0.3608
0.3608
0.3608
0.3651
0.3651
0.3651
0.3651
0.3651
0.3651
0.3651
0.3651
0.3651
0.3651
0.364275
0.364275
0.364275
0.364275
0.364275
0.364275
0.364275
0.364275
0.364275
0.364275
0.36745
0.36745
0.36745
0.36745
0.36745
0.36745
0.36745
0.36745
0.36745
0.36745
0.362725
0.362725
0.362725
0.362725
0.362725
0.362725
0.362725
0.362725
0.362725
0.362725
0.365075
0.365075
0.365075
0.365075
0.365075
0.365075
0.365075
0.365075
0.365075
0.365075
0.362775
0.362775
0.362775
0.362775
0.362775
0.362775
0.362775
0.362775
0.362775
0.362775
0.363675
0.363675
0.363675
0.363675
0.363675
0.363675
0.363675
0.363675
0.363675
0.363675
0.36555
0.36555
0.36555
0.36555
0.36555
0.36555
0.36555
0.36555
0.36555
0.36555
0.361675
0.361675
0.361675
0.361675
0.361675
0.361675
0.361675
0.361675
0.361675
0.361675
0.3648
0.3648
0.3648
0.3648
0.3648
0.3648
0.3648
0.3648
0.3648
0.3648
0.3661
0.3661
0.3661
0.3661
0.3661
0.3661
0.3661
0.3661
0.3661
0.3661
0.365475
0.365475
0.365475
0.365475
0.365475
0.365475
0.365475
0.365475
0.365475
0.365475
0.361875
0.361875
0.361875
0.361875
0.361875
0.361875
0.361875
0.361875
0.361875
0.361875
0.366325
0.366325
0.366325
0.366325
0.366325
0.366325
0.366325
0.366325
0.366325
0.366325
0.359575
0.359575
0.359575
0.359575
0.359575
0.359575
0.359575
0.359575
0.359575
0.359575
0.36715
0.36715
0.36715
0.36715
0.36715
0.36715
0.36715
0.36715
0.36715
0.36715
0.369825
0.369825
0.369825
0.369825
0.369825
0.369825
0.369825
0.369825
0.369825
0.369825
0.36555
0.36555
0.36555
0.36555
0.36555
0.36555
0.36555
0.36555
0.36555
0.36555
0.367475
0.367475
0.367475
0.367475
0.367475
0.367475
0.367475
0.367475
0.367475
0.367475
0.363575
0.363575
0.363575
0.363575
0.363575
0.363575
0.363575
0.363575
0.363575
0.363575
0.367775
0.367775
0.367775
0.367775
0.367775
0.367775
0.367775
0.367775
0.367775
0.367775
0.3643
0.3643
0.3643
0.3643
0.3643
0.3643
0.3643
0.3643
0.3643
0.3643
0.36505
0.36505
0.36505
0.36505
0.36505
0.36505
0.36505
0.36505
0.36505
0.36505
0.36145
0.36145
0.36145
0.36145
0.36145
0.36145
0.36145
0.36145
0.36145
0.36145
0.368075
0.368075
0.368075
0.368075
0.368075
0.368075
0.368075
0.368075
0.368075
0.368075
0.3669
0.3669
0.3669
0.3669
0.3669
0.3669
0.3669
0.3669
0.3669
0.3669
0.363925
0.363925
0.363925
0.363925
0.363925
0.363925
0.363925
0.363925
0.363925
0.363925
0.366525
0.366525
0.366525
0.366525
0.366525
0.366525
0.366525
0.366525
0.366525
0.366525
0.3668
0.3668
0.3668
0.3668
0.3668
0.3668
0.3668
0.3668
0.3668
0.3668
0.361675
0.361675
0.361675
0.361675
0.361675
0.361675
0.361675
0.361675
0.361675
0.361675
0.367
0.367
0.367
0.367
0.367
0.367
0.367
0.367
0.367
0.367
0.363375
0.363375
0.363375
0.363375
0.363375
0.363375
0.363375
0.363375
0.363375
0.363375
0.3658
0.3658
0.3658
0.3658
0.3658
0.3658
0.3658
0.3658
0.3658
0.3658
0.3628
0.3628
0.3628
0.3628
0.3628
0.3628
0.3628
0.3628
0.3628
0.3628
0.36495
0.36495
0.36495
0.36495
0.36495
0.36495
0.36495
0.36495
0.36495
0.36495
0.363
0.363
0.363
0.363
0.363
0.363
0.363
0.363
0.363
0.363
0.36565
0.36565
0.36565
0.36565
0.36565
0.36565
0.36565
0.36565
0.36565
0.36565
0.35975
0.35975
0.35975
0.35975
0.35975
0.35975
0.35975
0.35975
0.35975
0.35975
0.364175
0.364175
0.364175
0.364175
0.364175
0.364175
0.364175
0.364175
0.364175
0.364175
0.367725
0.367725
0.367725
0.367725
0.367725
0.367725
0.367725
0.367725
0.367725
0.367725
0.3678
0.3678
0.3678
0.3678
0.3678
0.3678
0.3678
0.3678
0.3678
0.3678
0.36875
0.36875
0.36875
0.36875
0.36875
0.36875
0.36875
0.36875
0.36875
0.36875
0.36005
0.36005
0.36005
0.36005
0.36005
0.36005
0.36005
0.36005
0.36005
0.36005
0.37005
0.37005
0.37005
0.37005
0.37005
0.37005
0.37005
0.37005
0.37005
0.37005
0.368425
0.368425
0.368425
0.368425
0.368425
0.368425
0.368425
0.368425
0.368425
0.368425
0.36135
0.36135
0.36135
0.36135
0.36135
0.36135
0.36135
0.36135
0.36135
0.36135
0.3629
0.3629
0.3629
0.3629
0.3629
0.3629
0.3629
0.3629
0.3629
0.3629
0.36735
0.36735
0.36735
0.36735
0.36735
0.36735
0.36735
0.36735
0.36735
0.36735
0.36375
0.36375
0.36375
0.36375
0.36375
0.36375
0.36375
0.36375
0.36375
0.36375
0.361175
0.361175
0.361175
0.361175
0.361175
0.361175
0.361175
0.361175
0.361175
0.361175
0.363625
0.363625
0.363625
0.363625
0.363625
0.363625
0.363625
0.363625
0.363625
0.363625
0.370075
0.370075
0.370075
0.370075
0.370075
0.370075
0.370075
0.370075
0.370075
0.370075
0.3604
0.3604
0.3604
0.3604
0.3604
0.3604
0.3604
0.3604
0.3604
0.3604
0.364825
0.364825
0.364825
0.364825
0.364825
0.364825
0.364825
0.364825
0.364825
0.364825
0.367325
0.367325
0.367325
0.367325
0.367325
0.367325
0.367325
0.367325
0.367325
0.367325
0.36125
0.36125
0.36125
0.36125
0.36125
0.36125
0.36125
0.36125
0.36125
0.36125
0.367075
0.367075
0.367075
0.367075
0.367075
0.367075
0.367075
0.367075
0.367075
0.367075
0.3649
0.3649
0.3649
0.3649
0.3649
0.3649
0.3649
0.3649
0.3649
0.3649
0.363825
0.363825
0.363825
0.363825
0.363825
0.363825
0.363825
0.363825
0.363825
0.363825
0.367175
0.367175
0.367175
0.367175
0.367175
0.367175
0.367175
0.367175
0.367175
0.367175
0.36555
0.36555
0.36555
0.36555
0.36555
0.36555
0.36555
0.36555
0.36555
0.36555
0.370375
0.370375
0.370375
0.370375
0.370375
0.370375
0.370375
0.370375
0.370375
0.370375
0.361975
0.361975
0.361975
0.361975
0.361975
0.361975
0.361975
0.361975
0.361975
0.361975
0.36495
0.36495
0.36495
0.36495
0.36495
0.36495
0.36495
0.36495
0.36495
0.36495
0.35935
0.35935
0.35935
0.35935
0.35935
0.35935
0.35935
0.35935
0.35935
0.35935
0.358575
0.358575
0.358575
0.358575
0.358575
0.358575
0.358575
0.358575
0.358575
0.358575
0.3646
0.3646
0.3646
0.3646
0.3646
0.3646
0.3646
0.3646
0.3646
0.3646
0.364425
0.364425
0.364425
0.364425
0.364425
0.364425
0.364425
0.364425
0.364425
0.364425
0.3658
0.3658
0.3658
0.3658
0.3658
0.3658
0.3658
0.3658
0.3658
0.3658
0.362725
0.362725
0.362725
0.362725
0.362725
0.362725
0.362725
0.362725
0.362725
0.362725
0.3679
0.3679
0.3679
0.3679
0.3679
0.3679
0.3679
0.3679
0.3679
0.3679
0.36375
0.36375
0.36375
0.36375
0.36375
0.36375
0.36375
0.36375
0.36375
0.36375
0.35965
0.35965
0.35965
0.35965
0.35965
0.35965
0.35965
0.35965
0.35965
0.35965
0.365675
0.365675
0.365675
0.365675
0.365675
0.365675
0.365675
0.365675
0.365675
0.365675
0.3613
0.3613
0.3613
0.3613
0.3613
0.3613
0.3613
0.3613
0.3613
0.3613
0.369675
0.369675
0.369675
0.369675
0.369675
0.369675
0.369675
0.369675
0.369675
0.369675
