0.35946666666666666
0.36835555555555555
0.36013333333333336
0.3691111111111111
0.3654222222222222
0.3595555555555556
0.3732
0.3585777777777778
0.3595555555555556
0.3688444444444444
0.368
0.3669777777777778
0.3580888888888889
0.36973333333333336
0.3625777777777778
0.3648
0.36822222222222223
0.356
0.36675555555555556
0.3632
0.3672
0.3645333333333333
0.3595111111111111
0.36715555555555557
0.36102222222222224
0.3600888888888889
0.3725333333333333
0.36715555555555557
0.36822222222222223
0.36773333333333336
0.3696888888888889
0.36106666666666665
0.36915555555555557
0.3665333333333333
0.36262222222222223
0.3635555555555556
0.36373333333333335
0.3636
0.36088888888888887
0.36533333333333334
0.3643111111111111
0.36017777777777776
0.3661333333333333
0.36573333333333335
0.36244444444444446
0.3662222222222222
0.36764444444444444
0.3653777777777778
0.3651111111111111
0.36004444444444444
0.35933333333333334
0.3645333333333333
0.362
0.35946666666666666
0.3612888888888889
0.35715555555555556
0.36591111111111113
0.36191111111111113
0.35915555555555556
0.3638222222222222
0.36106666666666665
0.3613777777777778
0.3688
0.3627111111111111
0.3575111111111111
0.3712888888888889
0.3676
0.35835555555555554
0.3580888888888889
0.3635555555555556
0.36195555555555553
0.36733333333333335
0.35555555555555557
0.35586666666666666
0.3643111111111111
0.3660888888888889
0.36875555555555556
0.35915555555555556
0.36648888888888886
0.36693333333333333
0.3694222222222222
0.36506666666666665
0.36617777777777777
0.36306666666666665
0.36715555555555557
0.36862222222222224
0.36195555555555553
0.3647111111111111
0.3632444444444444
0.36964444444444444
0.3705333333333333
0.36577777777777776
0.3634222222222222
0.3668888888888889
0.36635555555555555
0.3678222222222222
0.3621333333333333
0.36333333333333334
0.3635111111111111
0.36386666666666667
0.35746666666666665
0.3627111111111111
0.3653777777777778
0.3600888888888889
0.35364444444444443
0.3612888888888889
0.36493333333333333
0.3756888888888889
0.3652444444444444
0.37
0.36493333333333333
0.3664
0.3544
0.3687111111111111
0.3629777777777778
0.36102222222222224
0.3645777777777778
0.35884444444444447
0.3592444444444444
0.3655111111111111
0.3615555555555556
0.35902222222222224
0.3635111111111111
0.3707111111111111
0.36377777777777776
0.3606666666666667
0.3693777777777778
0.3678222222222222
0.372
0.36635555555555555
0.36448888888888886
0.36906666666666665
0.36915555555555557
0.3683111111111111
0.36466666666666664
0.3644
0.3623111111111111
0.36093333333333333
0.36288888888888887
0.3631111111111111
0.3645777777777778
0.3673777777777778
0.36195555555555553
0.3638222222222222
0.36595555555555553
0.3656
0.3638222222222222
0.3592888888888889
0.36204444444444445
0.35364444444444443
0.3689777777777778
0.3634222222222222
0.36564444444444444
0.3562666666666667
0.3612888888888889
0.3629777777777778
0.3633777777777778
0.3626666666666667
0.3595111111111111
0.36715555555555557
0.36915555555555557
0.3672888888888889
0.3690222222222222
0.3558222222222222
0.3578222222222222
0.37062222222222224
0.3669777777777778
0.3667111111111111
0.3715111111111111
0.36773333333333336
0.3618222222222222
0.3628
0.36088888888888887
0.36462222222222224
0.3647111111111111
0.36577777777777776
0.3609777777777778
0.36484444444444447
0.3632444444444444
0.3596888888888889
0.3663111111111111
0.3564888888888889
0.3554222222222222
0.35755555555555557
0.36577777777777776
0.3663111111111111
0.37044444444444447
0.36448888888888886
0.37293333333333334
0.3651111111111111
0.3622222222222222
0.3688444444444444
0.3723111111111111
0.3602222222222222
0.36386666666666667
0.36844444444444446
0.35831111111111114
0.35915555555555556
0.3636888888888889
0.3692888888888889
0.36346666666666666
0.36675555555555556
0.37191111111111114
0.36075555555555555
0.3648
0.36924444444444443
0.3636
0.35995555555555553
0.3729777777777778
0.3667111111111111
0.3675555555555556
0.36706666666666665
0.36506666666666665
0.3696888888888889
0.36573333333333335
0.3632
0.36284444444444447
0.3614222222222222
0.37066666666666664
0.36462222222222224
0.36133333333333334
0.3620888888888889
0.36177777777777775
0.3656888888888889
0.3636888888888889
0.36466666666666664
0.36573333333333335
0.3572
0.3652444444444444
0.3579555555555556
0.3680888888888889
0.3625333333333333
0.37146666666666667
0.37115555555555557
0.3688888888888889
0.36515555555555557
0.3748
0.358
0.3642222222222222
0.3593777777777778
0.3632444444444444
0.35995555555555553
0.36106666666666665
0.368
0.3658666666666667
0.3585333333333333
0.36395555555555553
0.3623111111111111
0.36715555555555557
0.3642222222222222
0.3562222222222222
0.3709777777777778
0.36302222222222225
0.3672888888888889
0.3566666666666667
0.3624
0.36591111111111113
0.35675555555555555
0.36604444444444445
0.36164444444444444
0.36088888888888887
0.36293333333333333
0.3673777777777778
0.3596888888888889
0.3648
0.3616888888888889
0.3608
0.3641333333333333
0.36377777777777776
0.3641333333333333
0.3629777777777778
0.3667111111111111
0.3740888888888889
0.36204444444444445
0.372
0.3661333333333333
0.36417777777777777
0.36715555555555557
0.368
0.36502222222222225
0.3602666666666667
0.36448888888888886
0.36635555555555555
0.36088888888888887
0.3596888888888889
0.3647111111111111
0.3604888888888889
0.36444444444444446
0.35933333333333334
0.36702222222222225
0.3676
0.3691111111111111
0.3635111111111111
0.36244444444444446
0.3595111111111111
0.36284444444444447
0.36746666666666666
0.3692
0.3680888888888889
0.36115555555555556
0.37048888888888887
0.3672
0.36173333333333335
0.36466666666666664
0.3658222222222222
0.364
0.36133333333333334
0.3654222222222222
0.36573333333333335
0.3644
0.3654222222222222
0.35862222222222223
0.358
0.36235555555555554
0.35946666666666666
0.3705777777777778
0.3598222222222222
0.36666666666666664
0.3652888888888889
0.36706666666666665
0.3648888888888889
0.3728444444444444
0.37035555555555555
0.36502222222222225
0.36702222222222225
0.37191111111111114
0.36915555555555557
0.3596888888888889
0.36773333333333336
0.3701777777777778
0.36675555555555556
0.36173333333333335
0.3652
0.36293333333333333
0.3678222222222222
0.3555111111111111
0.36822222222222223
0.3643111111111111
0.3618222222222222
0.36666666666666664
0.36715555555555557
0.3676888888888889
0.36973333333333336
0.36764444444444444
0.3658666666666667
0.3614222222222222
0.36462222222222224
0.3602222222222222
0.3685333333333333
0.3682666666666667
0.37
0.3685777777777778
0.3631111111111111
0.37004444444444445
0.3600888888888889
0.3628
0.3647111111111111
0.3675555555555556
0.36675555555555556
0.3716
0.3684
0.3707111111111111
0.35817777777777776
0.3612444444444444
0.36617777777777777
0.3604888888888889
0.36515555555555557
0.36875555555555556
0.36577777777777776
0.3663111111111111
0.36573333333333335
0.3605777777777778
0.3614222222222222
0.3595555555555556
0.36102222222222224
0.36591111111111113
0.36804444444444445
0.36195555555555553
0.3704
0.3756
0.3615555555555556
0.35355555555555557
0.3645333333333333
0.3662666666666667
0.35786666666666667
0.3627111111111111
0.3589333333333333
0.3587111111111111
0.3640888888888889
0.3622666666666667
0.36795555555555554
0.36533333333333334
0.35786666666666667
0.3634222222222222
0.3675555555555556
0.36924444444444443
0.3674222222222222
0.36262222222222223
0.36346666666666666
0.36191111111111113
0.3658222222222222
0.36506666666666665
0.36062222222222223
0.36466666666666664
0.3674222222222222
0.36795555555555554
0.36262222222222223
0.3599111111111111
0.3696888888888889
0.3584
0.36817777777777777
0.3588
0.36746666666666666
0.37004444444444445
0.3648
0.36466666666666664
0.37115555555555557
0.36404444444444445
0.3685333333333333
0.36822222222222223
0.35813333333333336
0.36795555555555554
0.3645777777777778
0.3649777777777778
0.3656
0.3678222222222222
0.3674222222222222
0.36977777777777776
0.3614222222222222
0.35964444444444443
0.35817777777777776
0.3613777777777778
0.36635555555555555
0.3731555555555556
0.36795555555555554
0.36662222222222224
0.36088888888888887
0.3654222222222222
0.3648888888888889
0.3672888888888889
0.364
0.36235555555555554
0.36164444444444444
0.3658666666666667
0.36395555555555553
0.3642666666666667
0.36777777777777776
0.36577777777777776
0.36533333333333334
0.37048888888888887
0.3632888888888889
0.36177777777777775
0.3591111111111111
0.36373333333333335
0.3656
0.3675111111111111
0.36964444444444444
0.36386666666666667
0.35635555555555554
0.36706666666666665
0.3696888888888889
0.3678666666666667
0.36573333333333335
0.37444444444444447
0.37066666666666664
0.3652444444444444
0.36302222222222225
0.3743111111111111
0.36146666666666666
0.3688888888888889
0.3671111111111111
0.37093333333333334
0.3631111111111111
0.362
0.3682666666666667
0.36235555555555554
0.36173333333333335
0.36377777777777776
0.36244444444444446
0.3633777777777778
0.3641333333333333
0.3645333333333333
0.3605333333333333
0.3700888888888889
0.3607111111111111
0.3668
0.3622222222222222
0.3631111111111111
0.36395555555555553
0.3721333333333333
0.36644444444444446
0.3682666666666667
0.3708888888888889
0.36017777777777776
0.3671111111111111
0.3525333333333333
0.3652444444444444
0.37115555555555557
0.36693333333333333
0.36564444444444444
0.3628
0.3675555555555556
0.3708
0.36617777777777777
0.36284444444444447
0.3622222222222222
0.3628
0.3638222222222222
0.36977777777777776
0.36617777777777777
0.3592888888888889
0.3631111111111111
0.3672888888888889
0.3661333333333333
0.37195555555555554
0.36146666666666666
0.35488888888888886
0.3585333333333333
0.36817777777777777
0.36746666666666666
0.3665777777777778
0.3735111111111111
0.3701333333333333
0.36377777777777776
0.36333333333333334
0.36102222222222224
0.3635555555555556
0.36333333333333334
0.3641333333333333
0.3569777777777778
0.36564444444444444
0.36533333333333334
0.36715555555555557
0.3638222222222222
0.3649777777777778
0.3606666666666667
0.366
0.35933333333333334
0.362
0.36706666666666665
0.36435555555555554
0.3625333333333333
0.36417777777777777
0.36893333333333334
0.36462222222222224
0.3658666666666667
0.36195555555555553
0.3662222222222222
0.3674222222222222
0.36364444444444444
0.36377777777777776
0.37062222222222224
0.36822222222222223
0.3652888888888889
0.36391111111111113
0.36373333333333335
0.3692888888888889
0.3635111111111111
0.36088888888888887
0.35973333333333335
0.36733333333333335
0.36933333333333335
0.35662222222222223
0.3680888888888889
0.36973333333333336
0.3716888888888889
0.36302222222222225
0.3702666666666667
0.35995555555555553
0.36915555555555557
0.36804444444444445
0.3745777777777778
0.36493333333333333
0.366
0.3691111111111111
0.37062222222222224
0.36977777777777776
0.36386666666666667
0.36302222222222225
0.36386666666666667
0.36915555555555557
0.37173333333333336
0.36164444444444444
0.36288888888888887
0.3665777777777778
0.3705777777777778
0.3576888888888889
0.3702666666666667
0.3647111111111111
0.3680888888888889
0.3673777777777778
0.36764444444444444
0.35431111111111113
0.36262222222222223
0.36475555555555556
0.3682666666666667
0.3635111111111111
0.3594222222222222
0.3612888888888889
0.36284444444444447
0.36848888888888887
0.3609777777777778
0.36364444444444444
0.37324444444444443
0.368
0.3749777777777778
0.36675555555555556
0.3632
0.3548
0.36204444444444445
0.3623111111111111
0.3658222222222222
0.3708444444444444
0.3681333333333333
0.366
0.36591111111111113
0.3695555555555556
0.35644444444444445
0.36262222222222223
0.37333333333333335
0.3651111111111111
0.3665777777777778
0.36675555555555556
0.35995555555555553
0.37275555555555556
0.3596
0.3632
0.3649777777777778
0.35764444444444443
0.3665777777777778
0.3592444444444444
0.3681333333333333
0.36275555555555555
0.3691111111111111
0.3729777777777778
0.36466666666666664
0.35444444444444445
0.3722666666666667
0.3643111111111111
0.3641333333333333
0.3673777777777778
0.3663111111111111
0.3688444444444444
0.3638222222222222
0.3662666666666667
0.36377777777777776
0.36333333333333334
0.36791111111111113
0.36493333333333333
0.3546666666666667
0.3636
0.3675111111111111
0.35688888888888887
0.36075555555555555
0.3688888888888889
0.36644444444444446
0.36635555555555555
0.3663111111111111
0.3612444444444444
0.37204444444444446
0.3667111111111111
0.3591111111111111
0.36777777777777776
0.36964444444444444
0.36031111111111114
0.36822222222222223
0.3656888888888889
0.3671111111111111
0.36773333333333336
0.3724
0.3668444444444444
0.36204444444444445
0.3642666666666667
0.3625333333333333
0.3592444444444444
0.3648
0.3606666666666667
0.3614222222222222
0.3661333333333333
0.3688888888888889
0.3602666666666667
0.3656
0.37346666666666667
0.3622222222222222
0.36502222222222225
0.368
0.36217777777777777
0.3641333333333333
0.36288888888888887
0.36044444444444446
0.3591111111111111
0.36088888888888887
0.35888888888888887
0.3689777777777778
0.3644
0.3615111111111111
0.3718666666666667
0.362
0.3632
0.36702222222222225
0.3687111111111111
0.3658222222222222
0.3615111111111111
0.3642222222222222
0.3672
0.3652888888888889
0.3658222222222222
0.36462222222222224
0.36635555555555555
0.3665333333333333
0.3592
0.3635111111111111
0.36417777777777777
0.36435555555555554
0.3662222222222222
0.3658666666666667
0.3622666666666667
0.36004444444444444
0.36444444444444446
0.37075555555555556
0.3623111111111111
0.3663111111111111
0.3685333333333333
0.36506666666666665
0.3668444444444444
0.3611111111111111
0.3624888888888889
0.36435555555555554
0.36573333333333335
0.3672888888888889
0.3728
0.3595555555555556
0.3641333333333333
0.3712888888888889
0.35888888888888887
0.36275555555555555
0.36462222222222224
0.3678666666666667
0.3667111111111111
0.3673777777777778
0.3640888888888889
0.3655555555555556
0.36733333333333335
0.36675555555555556
0.3559555555555556
0.3654222222222222
0.3734222222222222
0.3609777777777778
0.36533333333333334
0.36822222222222223
0.3668888888888889
0.36466666666666664
0.3642222222222222
0.3676888888888889
0.36577777777777776
0.35964444444444443
0.3643111111111111
0.36662222222222224
0.3681333333333333
0.37146666666666667
0.3633777777777778
0.3676
0.3625333333333333
0.37222222222222223
0.366
0.37364444444444445
0.36617777777777777
0.3668444444444444
0.3642222222222222
0.3567111111111111
0.36462222222222224
0.3653777777777778
0.35946666666666666
0.3598222222222222
0.36604444444444445
0.36822222222222223
0.36595555555555553
0.3675111111111111
0.3640888888888889
0.36666666666666664
0.3707111111111111
0.36706666666666665
0.368
0.36191111111111113
0.3609777777777778
0.36875555555555556
0.36404444444444445
0.36915555555555557
0.36115555555555556
0.35706666666666664
0.3632444444444444
0.36875555555555556
0.36773333333333336
0.3629777777777778
0.3641333333333333
0.36062222222222223
0.3595111111111111
0.36666666666666664
0.36546666666666666
0.3658222222222222
0.368
0.3682666666666667
0.3584888888888889
0.3673777777777778
0.366
0.36906666666666665
0.36733333333333335
0.3636
0.3632888888888889
0.36035555555555554
0.35586666666666666
0.3586666666666667
0.37035555555555555
0.3624888888888889
0.3613777777777778
0.3632888888888889
0.3585777777777778
0.37115555555555557
0.3648
0.35915555555555556
0.35884444444444447
0.3669777777777778
0.36666666666666664
0.36493333333333333
0.3672888888888889
0.37022222222222223
0.36915555555555557
0.37124444444444443
0.36924444444444443
0.3609777777777778
0.3632888888888889
0.36364444444444444
0.3643111111111111
0.36715555555555557
0.36466666666666664
0.3592888888888889
0.3595555555555556
0.3621333333333333
0.366
0.3614222222222222
0.3668444444444444
0.3624888888888889
0.3729777777777778
0.3653777777777778
0.36444444444444446
0.36106666666666665
0.36
0.3609777777777778
0.36346666666666666
0.3656
0.36675555555555556
0.3608
0.3625333333333333
0.3592444444444444
0.3573777777777778
0.3626666666666667
0.37
0.3625333333333333
0.3623111111111111
0.3642222222222222
0.3625777777777778
0.3622666666666667
0.3632888888888889
0.364
0.3651111111111111
0.3676888888888889
0.3673777777777778
0.36044444444444446
0.3672888888888889
0.36417777777777777
0.3569777777777778
0.3722666666666667
0.35533333333333333
0.3614222222222222
0.3612
0.3641333333333333
0.36306666666666665
0.3698666666666667
0.3537777777777778
0.35613333333333336
0.3644
0.36515555555555557
0.3668888888888889
0.3632444444444444
0.3711111111111111
0.3625333333333333
0.36315555555555556
0.3712888888888889
0.3618222222222222
0.3607111111111111
0.35977777777777775
0.37244444444444447
0.36093333333333333
0.36635555555555555
0.36591111111111113
0.3616888888888889
0.3645333333333333
0.36102222222222224
0.368
0.3652888888888889
0.36764444444444444
0.3598222222222222
0.36133333333333334
0.36706666666666665
0.3582222222222222
0.36404444444444445
0.3725333333333333
0.3680888888888889
0.36102222222222224
0.3625777777777778
