0.3566666666666667
0.3537777777777778
0.3544
0.3587111111111111
0.3647111111111111
0.35604444444444444
0.3594222222222222
0.3612444444444444
0.3576
0.3596888888888889
0.3602666666666667
0.3605777777777778
0.3529333333333333
0.3615555555555556
0.3540888888888889
0.3591111111111111
0.3536888888888889
0.35475555555555555
0.36302222222222225
0.36244444444444446
0.36115555555555556
0.35786666666666667
0.3579111111111111
0.3542666666666667
0.3559111111111111
0.3575111111111111
0.35213333333333335
0.3608
0.35435555555555553
0.3540888888888889
0.3631111111111111
0.3509333333333333
0.35413333333333336
0.3625333333333333
0.3625333333333333
0.35457777777777777
0.3676
0.3564
0.3508
0.3635555555555556
0.3604888888888889
0.35413333333333336
0.35915555555555556
0.3593777777777778
0.35715555555555556
0.3636888888888889
0.356
0.35702222222222224
0.36093333333333333
0.3565333333333333
0.3579555555555556
0.3548
0.35564444444444443
0.3681333333333333
0.3604
0.3600888888888889
0.3551111111111111
0.35431111111111113
0.3625333333333333
0.35488888888888886
0.3661333333333333
0.356
0.3529333333333333
0.36235555555555554
0.3631111111111111
0.35364444444444443
0.36373333333333335
0.3557777777777778
0.35413333333333336
0.3596
0.35777777777777775
0.35817777777777776
0.3627111111111111
0.36
0.35573333333333335
0.3600888888888889
0.3538222222222222
0.3552888888888889
0.35457777777777777
0.3584888888888889
0.36062222222222223
0.35933333333333334
0.3573777777777778
0.35862222222222223
0.3575111111111111
0.3569333333333333
0.3592888888888889
0.3496888888888889
0.34924444444444447
0.3625777777777778
0.3532888888888889
0.3596888888888889
0.35635555555555554
0.3569777777777778
0.35657777777777777
0.35244444444444445
0.36004444444444444
0.3566666666666667
0.3576
0.35235555555555553
0.3624888888888889
0.36244444444444446
0.3526666666666667
0.3672
0.35862222222222223
0.35777777777777775
0.36191111111111113
0.3557777777777778
0.35342222222222225
0.3575111111111111
0.35302222222222224
0.3551111111111111
0.36093333333333333
0.35906666666666665
0.3571111111111111
0.36244444444444446
0.3605333333333333
0.36377777777777776
0.35515555555555556
0.3624
0.35662222222222223
0.3579111111111111
0.3611111111111111
0.3542222222222222
0.35706666666666664
0.3569333333333333
0.3612
0.36435555555555554
0.3476888888888889
0.3582222222222222
0.35875555555555555
0.36164444444444444
0.3580888888888889
0.3606666666666667
0.3627111111111111
0.35835555555555554
0.36115555555555556
0.3595111111111111
0.35777777777777775
0.35546666666666665
0.3565333333333333
0.3624888888888889
0.3595555555555556
0.3576888888888889
0.362
0.3598222222222222
0.3579555555555556
0.3564
0.3640888888888889
0.36764444444444444
0.3604
0.3549777777777778
0.3552444444444444
0.3524888888888889
0.35315555555555556
0.3552888888888889
0.3546666666666667
0.35302222222222224
0.36075555555555555
0.3605333333333333
0.3511111111111111
0.3600888888888889
0.36
0.3553777777777778
0.3504
0.3564
0.3611111111111111
0.3558222222222222
0.3584
0.3552888888888889
0.3584
0.3626666666666667
0.3564888888888889
0.35733333333333334
0.3576
0.36004444444444444
0.3658666666666667
0.35702222222222224
0.3632888888888889
0.35835555555555554
0.35217777777777776
0.35546666666666665
0.3602666666666667
0.3604
0.3584888888888889
0.35364444444444443
0.3587111111111111
0.35688888888888887
0.35533333333333333
0.3658222222222222
0.3552444444444444
0.3627111111111111
0.3575111111111111
0.35444444444444445
0.3635555555555556
0.35031111111111113
0.36244444444444446
0.35573333333333335
0.3519111111111111
0.35817777777777776
0.35475555555555555
0.35506666666666664
0.3636888888888889
0.3580888888888889
0.36564444444444444
0.34946666666666665
0.3613777777777778
0.3602222222222222
0.3579555555555556
0.3631111111111111
0.3605777777777778
0.35333333333333333
0.3714222222222222
0.3533777777777778
0.35813333333333336
0.3572888888888889
0.34973333333333334
0.3642666666666667
0.3638222222222222
0.3600888888888889
0.3488888888888889
0.35564444444444443
0.35555555555555557
0.3638222222222222
0.35355555555555557
0.35733333333333334
0.3605333333333333
0.34813333333333335
0.3582222222222222
0.3608
0.36017777777777776
0.35733333333333334
0.3595111111111111
0.3635111111111111
0.35946666666666666
0.36017777777777776
0.35684444444444446
0.36364444444444444
0.3640888888888889
0.3562666666666667
0.36644444444444446
0.35333333333333333
0.3578222222222222
0.35413333333333336
0.3582222222222222
0.35186666666666666
0.3504
0.35604444444444444
0.3612888888888889
0.3559111111111111
0.3486222222222222
0.35342222222222225
0.35684444444444446
0.3568
0.35888888888888887
0.35417777777777776
0.3568
0.3579555555555556
0.3582222222222222
0.35675555555555555
0.35515555555555556
0.3512
0.3616888888888889
0.3539555555555556
0.36235555555555554
0.36164444444444444
0.3526666666666667
0.35915555555555556
0.3655555555555556
0.3546222222222222
0.3486222222222222
0.3547111111111111
0.36102222222222224
0.36404444444444445
0.35764444444444443
0.3565333333333333
0.3544888888888889
0.3596888888888889
0.3595555555555556
0.35488888888888886
0.3564
0.35977777777777775
0.35657777777777777
0.35475555555555555
0.35484444444444446
0.3567111111111111
0.3573777777777778
0.3580888888888889
0.3569333333333333
0.35657777777777777
0.3605333333333333
0.3622222222222222
0.3589777777777778
0.3625777777777778
0.36195555555555553
0.35675555555555555
0.35533333333333333
0.35302222222222224
0.35515555555555556
0.3553777777777778
0.35115555555555555
0.35484444444444446
0.3621333333333333
0.3549333333333333
0.3622666666666667
0.35831111111111114
0.35964444444444443
0.3567111111111111
0.35364444444444443
0.3631111111111111
0.35902222222222224
0.3592888888888889
0.35884444444444447
0.3616888888888889
0.35444444444444445
0.3513777777777778
0.35275555555555554
0.35302222222222224
0.35417777777777776
0.3635555555555556
0.3552444444444444
0.3506222222222222
0.3556888888888889
0.35733333333333334
0.36004444444444444
0.3555111111111111
0.3569777777777778
0.36373333333333335
0.3593777777777778
0.36288888888888887
0.3662666666666667
0.35342222222222225
0.3602666666666667
0.36235555555555554
0.3576888888888889
0.35355555555555557
0.3594222222222222
0.35026666666666667
0.3495111111111111
0.3519111111111111
0.3604888888888889
0.35884444444444447
0.362
0.35613333333333336
0.3542666666666667
0.3572444444444444
0.3586666666666667
0.35631111111111113
0.3623111111111111
0.3579111111111111
0.36173333333333335
0.35888888888888887
0.36013333333333336
0.3572888888888889
0.36044444444444446
0.35875555555555555
0.3602666666666667
0.354
0.3596
0.36186666666666667
0.35342222222222225
0.3562222222222222
0.35631111111111113
0.35662222222222223
0.3544888888888889
0.35933333333333334
0.3582666666666667
0.3612
0.35631111111111113
0.3578222222222222
0.3504888888888889
0.36031111111111114
0.3572444444444444
0.35902222222222224
0.3644
0.3585333333333333
0.3593777777777778
0.3511111111111111
0.36293333333333333
0.36377777777777776
0.3582222222222222
0.3542666666666667
0.3586666666666667
0.3582222222222222
0.3592
0.35617777777777776
0.36515555555555557
0.35057777777777777
0.35835555555555554
0.354
0.3638222222222222
0.3539111111111111
0.36533333333333334
0.35417777777777776
0.36004444444444444
0.36115555555555556
0.35404444444444444
0.3624
0.35675555555555555
0.35657777777777777
0.36364444444444444
0.3529333333333333
0.36635555555555555
0.35484444444444446
0.3588
0.36044444444444446
0.36186666666666667
0.35604444444444444
0.3546666666666667
0.3572444444444444
0.3674222222222222
0.3624888888888889
0.35835555555555554
0.35586666666666666
0.3528
0.35088888888888886
0.35515555555555556
0.3576888888888889
0.36404444444444445
0.36088888888888887
0.3572
0.3545333333333333
0.3612
0.3554222222222222
0.35213333333333335
0.36146666666666666
0.36017777777777776
0.3544888888888889
0.35977777777777775
0.35746666666666665
0.35315555555555556
0.3527111111111111
0.3518222222222222
0.3599111111111111
0.35644444444444445
0.35457777777777777
0.35915555555555556
0.36395555555555553
0.3616888888888889
0.35413333333333336
0.3512
0.3531111111111111
0.35235555555555553
0.3552
0.3567111111111111
0.3552
0.35244444444444445
0.35817777777777776
0.35755555555555557
0.3549777777777778
0.35515555555555556
0.3594222222222222
0.3539555555555556
0.35342222222222225
0.3582666666666667
0.35902222222222224
0.362
0.36106666666666665
0.3611111111111111
0.35746666666666665
0.35146666666666665
0.3596888888888889
0.3489777777777778
0.35733333333333334
0.364
0.35733333333333334
0.3569333333333333
0.35155555555555557
0.3562666666666667
0.3552888888888889
0.35617777777777776
0.3517777777777778
0.3568
0.36391111111111113
0.35444444444444445
0.3626666666666667
0.3549777777777778
0.35915555555555556
0.35217777777777776
0.35902222222222224
0.35613333333333336
0.3632444444444444
0.35355555555555557
0.35764444444444443
0.3573777777777778
0.35084444444444446
0.36448888888888886
0.36013333333333336
0.3536
0.3589777777777778
0.36315555555555556
0.35662222222222223
0.3544
0.36591111111111113
0.3585777777777778
0.36217777777777777
0.35733333333333334
0.35555555555555557
0.36293333333333333
0.35417777777777776
0.3522666666666667
0.3595555555555556
0.3598222222222222
0.3542666666666667
0.3579111111111111
0.3516444444444444
0.3621333333333333
0.3623111111111111
0.3559111111111111
0.3572888888888889
0.35186666666666666
0.35146666666666665
0.3606666666666667
0.35715555555555556
0.3529777777777778
0.3635111111111111
0.35084444444444446
0.3571111111111111
0.3616
0.3628
0.3519111111111111
0.3589333333333333
0.3636
0.3568
0.3574222222222222
0.3499111111111111
0.35773333333333335
0.35217777777777776
0.35631111111111113
0.35586666666666666
0.3549333333333333
0.3600888888888889
0.35688888888888887
0.35746666666666665
0.3532888888888889
0.3558222222222222
0.36373333333333335
0.3644
0.3644
0.3594222222222222
0.35888888888888887
0.3614222222222222
0.3595111111111111
0.3572888888888889
0.3631111111111111
0.35564444444444443
0.36102222222222224
0.35746666666666665
0.3579555555555556
0.3575111111111111
0.3634222222222222
0.3516888888888889
0.3576888888888889
0.358
0.35364444444444443
0.3587111111111111
0.3533777777777778
0.35035555555555553
0.3607111111111111
0.3499555555555556
0.35888888888888887
0.3576888888888889
0.3566666666666667
0.35013333333333335
0.3571111111111111
0.35417777777777776
0.3612
0.35435555555555553
0.3552444444444444
0.35506666666666664
0.35933333333333334
0.3527111111111111
0.35555555555555557
0.36293333333333333
0.3564
0.36217777777777777
0.35515555555555556
0.3524888888888889
0.36017777777777776
0.3604
0.3532888888888889
0.35706666666666664
0.35564444444444443
0.3607111111111111
0.35755555555555557
0.3549333333333333
0.3649777777777778
0.3556
0.36
0.36373333333333335
0.36493333333333333
0.36333333333333334
0.3613777777777778
0.35902222222222224
0.3542666666666667
0.3640888888888889
0.3620888888888889
0.35324444444444447
