0.2942
0.2959
0.29205
0.295025
0.292225
0.291525
0.2898
0.291975
0.2928
0.29065
0.29555
0.2946
0.29325
0.297
0.29715
0.296125
0.291575
0.291775
0.29355
0.294225
0.295
0.291275
0.2939
0.2924
0.29355
0.292575
0.289825
0.300925
0.291375
0.2912
0.289325
0.2934
0.290475
0.294825
0.295725
0.297075
0.29705
0.2929
0.293125
0.294575
0.2921
0.294225
0.298175
0.28775
0.294075
0.295075
0.29465
0.290025
0.2965
0.295725
0.294325
0.288925
0.292675
0.289925
0.295625
0.295125
0.294375
0.29355
0.295875
0.3
0.297675
0.295975
0.299625
0.296625
0.296275
0.291775
0.287975
0.294325
0.2909
0.29155
0.2943
0.28875
0.2923
0.2992
0.294825
0.298075
0.29485
0.29515
0.293525
0.296525
0.29275
0.296
0.2924
0.29915
0.291075
0.29385
0.2912
0.2917
0.295175
0.28905
0.292525
0.2942
0.297525
0.299125
0.29295
0.29335
0.293975
0.291775
