0.1948
0.191975
0.194625
0.1966
0.18885
0.19185
0.189825
0.1872
0.1896
0.191175
0.193025
0.186925
0.1902
0.18535
0.19035
0.18975
0.186925
0.186675
0.188125
0.18915
0.1864
0.185675
0.187225
0.19525
0.189375
0.19395
0.188225
0.1914
0.185925
0.190475
0.19755
0.189175
0.1852
0.18855
0.1899
0.185575
0.1858
0.185275
0.18675
0.1919
0.191825
0.188175
0.1842
0.188025
0.18385
0.192425
0.1871
0.1896
0.192575
0.18965
0.190925
0.191025
0.192375
0.1856
0.183825
0.188075
0.188725
0.187925
0.1876
0.187675
0.183825
0.19285
0.1934
0.1931
0.199975
0.1903
0.192475
0.190775
0.190575
0.192025
0.187275
0.180925
0.188425
0.189175
0.193325
0.192125
0.188375
0.18805
0.1926
0.194975
0.1927
0.194725
0.189525
0.1916
0.18935
0.188425
0.193625
0.18705
0.191475
0.192225
0.192875
0.187175
0.1895
0.1915
0.190975
0.18725
0.191375
0.1881
0.1929
0.189525
0.19155
0.184675
0.193525
0.194325
0.192875
0.188425
0.190725
0.191275
0.192975
0.1878
0.194475
0.191725
0.191625
0.18705
0.18995
0.18815
0.18875
0.190825
0.1887
0.18805
0.194825
0.192225
0.19345
0.192925
0.19655
0.18665
0.193575
0.188025
0.1857
0.18265
0.1901
0.188375
0.184925
0.183725
0.189
0.186025
0.184575
0.193025
0.1868
0.190225
0.194425
0.188775
0.19285
0.189475
0.1873
0.19095
0.1907
0.19415
0.182825
0.186925
0.1924
0.18855
0.1866
0.186025
0.1911
0.188925
0.1878
0.1871
0.194875
0.19335
0.19245
0.190525
0.1975
0.18935
0.197425
0.1916
0.18675
0.18715
0.18945
0.189725
0.190925
0.190075
0.188475
0.1931
0.18905
0.19015
0.180525
0.181225
0.18435
0.1841
0.194525
0.189525
0.19155
0.188025
0.188475
0.191975
0.190275
0.18635
0.19125
0.19435
0.1903
0.186625
0.191775
0.18835
0.1842
0.18905
0.188625
0.18765
0.196425
0.1931
0.1956
0.19825
0.18925
0.189025
0.19735
0.1923
0.1878
0.1917
0.186175
0.193275
0.1906
0.19145
0.19145
0.18815
0.187875
0.189225
0.19485
0.1943
0.19435
0.1861
0.188875
0.190275
0.1822
0.190875
0.19505
0.187575
0.193225
0.185075
0.192575
0.188575
0.19235
0.186175
0.195175
0.189775
0.1932
0.1911
0.1947
0.18445
0.187625
0.185575
0.19465
0.18885
0.19035
0.195475
0.192625
0.191875
0.192425
0.1922
0.187275
0.183075
0.181725
0.1847
0.19085
0.1925
0.1911
0.19085
0.194075
0.190775
0.18995
0.19155
0.19615
0.19385
0.191125
0.18455
0.1898
0.195925
0.1952
0.19245
0.193375
0.192475
0.186475
0.187575
0.18855
0.1871
0.185775
0.186275
0.18255
0.190375
0.19065
0.197575
0.1888
0.19035
0.188275
0.18935
0.187125
0.187425
0.19015
0.1922
0.18745
0.194675
0.1955
0.19075
0.187275
0.193725
0.192175
0.191825
0.190775
0.185025
0.1807
0.19455
0.19275
0.1858
0.184075
0.185725
0.186175
0.188375
0.19335
0.195475
0.188525
0.192525
0.189325
0.192325
0.186
0.190325
0.186025
0.18855
0.189425
0.188025
0.189175
0.18625
0.18435
0.183725
0.197675
0.192925
0.191625
0.1947
0.18755
0.187925
0.1869
0.194225
0.193225
0.1915
0.19295
0.19175
0.18745
0.1883
0.1912
0.191325
0.192925
0.190925
0.189975
0.188325
0.191525
0.19015
0.189075
0.198925
0.194675
0.190275
0.18435
0.185325
0.18845
0.19155
0.195375
0.194625
0.1858
0.184975
0.19065
0.19265
0.1869
0.19425
0.190525
0.19005
0.18955
0.188375
0.194875
0.19495
0.189475
0.188575
0.1852
0.186175
0.1968
0.193175
0.18985
0.193125
0.19095
0.190475
0.1929
0.1905
0.19075
0.19235
0.19265
0.186775
0.176025
0.181725
0.1897
0.19345
0.18905
0.1872
0.191425
0.185
0.193775
0.191075
0.18615
0.190425
0.1943
0.18905
0.188275
0.19785
0.1902
0.1899
0.183775
0.193475
0.185975
0.192325
0.1919
0.18395
0.192325
0.19125
0.194025
0.190175
0.19315
0.192825
0.1964
0.189525
0.1888
0.1931
0.190875
0.19355
0.192
0.192525
0.1895
0.191925
0.194125
0.192975
0.190275
0.184375
0.189075
0.191975
0.191325
0.1882
0.186675
0.189375
0.1908
0.19315
0.1881
0.1943
0.195
0.197175
0.187725
0.187075
0.197775
0.184025
0.1911
0.189175
0.18735
0.1863
0.1912
0.192625
0.194825
0.1969
0.189575
0.1924
0.189075
0.192675
0.188425
0.189625
0.189125
0.18815
0.18535
0.187925
0.187075
0.193125
0.185925
0.1913
0.1893
0.18805
0.18955
0.197175
0.1939
0.191975
0.19135
0.187875
0.190775
0.186775
0.1842
0.186975
0.19235
0.19605
0.194325
0.18925
0.1905
0.19045
0.18855
0.1937
0.188725
0.1923
0.191125
0.191225
0.1944
0.1942
0.194225
0.1877
0.20025
0.194675
0.18945
0.19215
0.1944
0.192625
0.1926
0.19865
0.19885
0.191875
0.1875
0.18345
0.19175
0.184575
0.1869
0.184025
0.191125
0.191975
0.1945
0.18825
0.190725
0.1953
0.183975
0.18975
0.186025
0.188125
0.188875
0.189725
0.18935
0.18505
0.188975
0.193725
0.186025
0.194225
0.189575
0.1921
0.186325
0.187825
0.190075
0.1918
0.192275
0.1951
0.197075
0.19045
0.189925
0.1851
0.1901
0.1884
0.190925
0.193575
0.1866
0.1952
0.187525
0.180925
0.1866
0.189875
0.191
0.191175
0.188275
0.190025
0.1919
0.188175
0.185175
0.189625
0.191425
0.1835
0.187825
0.186
0.1896
0.191
0.18985
0.1937
0.186475
0.1832
0.19395
0.19345
0.1912
0.19055
0.189425
0.188925
0.1845
0.192125
0.187475
0.1854
0.188275
0.191025
0.1891
0.188825
0.19205
0.19245
0.187025
0.1869
0.197825
0.18975
0.194625
0.19225
0.188725
0.19775
0.194175
0.1947
0.193475
0.189425
0.18805
0.191375
0.189375
0.186775
0.187475
0.19465
0.185475
0.188925
0.1875
0.19435
0.188375
0.196025
0.195
0.185275
0.19085
0.189225
0.18765
0.187725
0.18825
0.19085
0.192725
0.1907
0.187825
0.1902
0.1879
0.18025
0.189275
0.1921
0.18455
0.189525
0.1864
0.1891
0.195825
0.190375
0.193975
0.1951
0.189775
0.186775
0.187675
0.189725
0.1952
0.18965
0.186975
0.18485
0.1858
0.183025
0.18825
0.1932
0.188225
0.193475
0.18915
0.1885
0.195525
0.188725
0.190975
0.19515
0.191775
0.189125
0.189575
0.185825
0.191325
0.197775
0.191125
0.196075
0.190475
0.19625
0.189
0.19565
0.189725
0.189575
0.186475
0.191125
0.19335
0.184675
0.192
0.1918
0.18985
0.195225
0.193975
0.18425
0.1926
0.18895
0.18565
0.18925
0.194725
0.192925
0.188275
0.18015
0.192075
0.19
0.18935
0.1888
0.191175
0.191225
0.19615
0.18785
0.187025
0.1906
0.19195
0.18385
0.18915
0.1947
0.192225
0.186625
0.19405
0.193925
0.1926
0.189475
0.186525
0.188
0.183725
0.18845
0.185675
0.1929
0.188475
0.1976
0.1967
0.1904
0.1873
0.18645
0.19485
0.1928
0.1896
0.193325
0.18925
0.185675
0.192375
0.18635
0.189775
0.187125
0.192175
0.18505
0.185025
0.17955
0.19305
0.190575
0.179675
0.190425
0.18615
0.190425
0.19
0.19445
0.1892
0.1881
0.187475
0.18595
0.18725
0.190725
0.185125
0.185775
0.18835
0.1898
0.192925
0.1837
0.1847
0.18795
0.1894
0.190075
0.185775
0.179875
0.18545
0.19195
0.191925
0.187275
0.190825
0.192575
0.187325
0.188225
0.189525
0.196475
0.1871
0.1928
0.19025
0.186425
0.187575
0.181375
0.182925
0.1915
0.1943
0.19855
0.19025
0.18585
0.19625
0.1954
0.188825
0.188225
0.192525
0.192475
0.19255
0.1899
0.189725
0.1881
0.194375
0.1893
0.191
0.189075
0.192775
0.18735
0.193675
0.19005
0.188575
0.187875
0.1886
0.194275
0.19275
0.192925
0.1845
0.186625
0.1875
0.19315
0.18575
0.187825
0.192775
0.1898
0.188075
0.189125
0.18905
0.191825
0.19075
0.192975
0.187025
0.193175
0.190325
0.1932
0.186775
0.18985
0.190025
0.189125
0.19555
0.184525
0.18975
0.189075
0.19235
0.192775
0.18875
0.1891
0.188475
0.1842
0.18835
0.194725
0.1862
0.196925
0.1892
0.1913
0.185625
0.193425
0.194025
0.186225
0.1909
0.18585
0.1877
0.189375
0.182175
0.189825
0.187575
0.185525
0.182375
0.1855
0.188875
0.18865
0.194225
0.19245
0.193775
0.1947
0.186175
0.1886
0.1936
0.186225
0.187175
0.189875
0.18915
0.18945
0.1906
0.1856
0.191275
0.197325
0.2001
0.189925
0.186525
0.188325
0.18655
0.188075
0.1879
0.191675
0.193875
0.1921
0.192075
0.19295
0.1962
0.1929
0.185425
0.193075
0.187075
0.1984
0.1857
0.189975
0.186
0.18765
0.198675
0.193
0.18805
0.18775
0.19105
0.1926
0.1879
0.188
0.19485
0.1906
0.1845
0.1919
0.1946
0.1949
0.187675
0.18805
0.1958
0.18445
0.187525
0.18345
0.196225
0.17995
0.189475
0.1846
0.1883
0.18545
0.185
0.18975
0.183325
0.187325
0.188775
0.18855
0.1934
0.19165
0.1928
0.186275
0.1927
0.18815
0.19035
0.190625
0.19185
0.198575
0.189625
0.18855
0.188625
0.1861
0.184125
0.1908
0.18975
0.18795
0.186425
0.19895
0.192475
0.19385
0.1872
0.19215
0.18605
0.19455
0.190675
0.191975
0.1899
0.193775
0.188775
0.1826
0.1901
0.18465
0.18665
0.183925
0.1929
0.1975
0.198375
0.191225
0.1935
0.192275
0.192325
0.195025
0.19435
0.1883
0.1962
0.196975
0.199775
0.1918
0.191875
0.189025
0.183925
0.193825
0.18615
0.190275
0.1936
0.18975
0.190375
0.1906
0.19035
0.193925
0.186075
0.1901
0.184
0.191125
0.1922
0.19495
0.1901
0.189425
0.189675
0.186525
0.189775
0.18625
