0.432125
0.42255
0.4316
0.428175
0.427275
0.430325
0.429425
0.4278
0.429025
0.42735
0.42855
0.434225
0.429875
0.42625
0.4294
0.427775
0.436275
0.430975
0.4377
0.42945
0.431875
0.425275
0.427575
0.431925
0.42935
0.431275
0.42855
0.438625
0.431475
0.43225
0.434125
0.42975
0.42955
0.43145
0.430275
0.433375
0.433575
0.43055
0.427375
0.432925
0.434175
0.434375
0.434925
0.42825
0.425875
0.43085
0.4325
0.429975
0.42865
0.433175
0.4291
0.425
0.424875
0.434
0.434625
0.4307
0.42955
0.428575
0.43165
0.435175
0.426125
0.428575
0.431425
0.430475
0.428525
0.436475
0.433825
0.429625
0.427325
0.4283
0.430325
0.42535
0.426
0.43165
0.42735
0.434825
0.431375
0.432225
0.4281
0.42965
0.430775
0.427325
0.4301
0.432575
0.4261
0.427825
0.426025
0.425775
0.42985
0.431675
0.4345
0.429675
0.428975
0.42855
0.4236
0.432925
0.4305
0.429125
0.430675
0.431625
0.43495
0.4344
0.4271
0.42795
0.431125
0.4327
0.4297
0.430825
0.4251
0.42805
0.42725
0.4333
0.430625
0.430625
0.429675
0.4342
0.4287
0.426125
0.429525
0.42855
0.433225
0.4353
0.43115
0.423
0.4324
0.4271
0.4281
0.43045
0.427425
0.42635
0.431125
0.4315
0.429225
0.428925
0.429575
0.4316
0.4329
0.429375
0.434275
0.43095
0.43045
0.42955
0.431875
0.432725
0.4341
0.429625
0.43365
0.435
0.427125
0.432225
0.431075
0.42915
0.426875
0.4271
0.43465
0.426875
0.43015
0.433575
0.42945
0.42955
0.423475
0.432125
0.430125
0.4325
0.43
0.4286
0.430375
0.43365
0.4303
0.42955
0.429475
0.43515
0.432275
0.432125
0.42925
0.431375
0.424075
0.4297
0.425775
0.4233
0.4303
0.430925
0.429325
0.428475
0.431975
0.429475
0.426075
0.42935
0.431825
0.426325
0.4291
0.430075
0.4295
0.4313
0.4346
0.432575
0.4318
0.4295
0.428
0.428775
0.430325
0.4276
0.4286
0.428075
0.4316
0.434
0.4319
0.430175
0.431475
0.4311
0.4289
0.4357
0.434425
0.435075
0.4279
0.4381
0.429225
0.429675
0.429875
0.43165
0.428
0.434075
0.429575
0.4326
0.431175
0.433525
0.42785
0.42625
0.430925
0.428125
0.432725
0.43645
0.4289
0.42885
0.4282
0.430325
0.430125
0.428775
0.429375
0.427625
0.43015
0.431475
0.42485
0.428475
0.431675
0.4287
0.4321
0.42825
0.429375
0.42345
0.430175
0.424825
0.424175
0.429925
0.4276
0.4244
0.431275
0.4326
0.43445
0.434575
0.432325
0.432275
0.43245
0.431675
0.429575
0.429925
0.43215
0.43065
0.4318
0.430675
0.4337
0.4282
0.42685
0.4293
0.4344
0.4329
0.438575
0.427675
0.430425
0.432075
0.430575
0.432975
0.4328
0.436875
0.4289
0.43445
0.43175
0.43525
0.428575
0.4328
0.428925
0.431425
0.431825
0.43135
0.4287
0.427775
0.4345
0.4321
0.429775
0.425875
0.428825
0.432325
0.428025
0.4304
0.426125
0.426
0.42795
0.425225
0.430275
0.42915
0.43165
0.43425
0.4291
0.424475
0.425875
0.425825
0.4294
0.4309
0.43275
0.431375
0.430275
0.426
0.432325
0.43365
0.434425
0.432725
0.431175
0.432925
0.43175
0.430675
0.43105
0.43305
0.430625
0.430825
0.42965
0.42825
0.4278
0.429625
0.4255
0.42965
0.42785
0.42855
0.429775
0.433425
0.43305
0.431075
0.432825
0.4375
0.429675
0.428275
0.43005
0.426775
0.43355
0.436475
0.430725
0.428125
0.4311
0.428275
0.429625
0.434775
0.429425
0.425875
0.431125
0.42775
0.427875
0.42345
0.42825
0.429975
0.4285
0.4282
0.429075
0.431075
0.430925
0.42975
0.429475
0.427825
0.4275
0.43095
0.43315
0.4286
0.427725
0.434
0.4316
0.428175
0.42705
0.42435
0.431825
0.4282
0.42635
0.432275
0.436175
0.429225
0.431975
0.43475
0.428575
0.429025
0.43075
0.430725
0.433675
0.4283
0.43215
0.430275
0.434575
0.432475
0.432475
0.4309
0.43225
0.431725
0.4338
0.431775
0.430875
0.43175
0.42935
0.42525
0.42925
0.434425
0.42935
0.4289
0.4289
0.42845
0.43365
0.4317
0.42995
0.42875
0.43285
0.432475
0.4293
0.430975
0.43185
0.432175
0.429175
0.43055
0.428025
0.428775
0.428725
0.428325
0.429525
0.435625
0.432125
0.4255
0.426575
0.425325
0.42975
0.428775
0.432625
0.430675
0.43105
0.433275
0.424975
0.431425
0.427575
0.4302
0.429825
0.432325
0.431725
0.427825
0.42905
0.431675
0.42965
0.43295
0.4325
0.4299
0.4295
0.431675
0.432825
0.4279
0.43145
0.432975
0.429125
0.429875
0.43155
0.4285
0.4293
0.43025
0.42695
0.42485
0.428475
0.433925
0.432325
0.434975
0.429225
0.434
0.4286
0.429925
0.430575
0.4284
0.427725
0.43075
0.435125
0.426375
0.42665
0.429325
0.43045
0.4303
0.427175
0.42915
0.433275
0.43185
