0.0 0.0 7.346938775510205E-5 
0.0 0.1 7.372448979591837E-5 
0.0 0.2 7.193877551020408E-5 
0.0 0.30000000000000004 6.658163265306122E-5 
0.0 0.4 6.73469387755102E-5 
0.0 0.5 8.137755102040818E-5 
0.0 0.6 7.193877551020408E-5 
0.0 0.7 7.576530612244898E-5 
0.0 0.7999999999999999 6.505102040816328E-5 
0.0 0.8999999999999999 7.040816326530611E-5 
0.0 0.9999999999999999 6.683673469387755E-5 
0.1 0.0 2.0433673469387757E-4 
0.1 0.1 0.002293367346938775 
0.1 0.2 0.006444897959183676 
0.1 0.30000000000000004 0.0103234693877551 
0.1 0.4 0.015435714285714284 
0.1 0.5 0.021173469387755113 
0.1 0.6 0.031092602040816323 
0.1 0.7 0.03753163265306123 
0.1 0.7999999999999999 0.046304336734693884 
0.1 0.8999999999999999 0.055366836734693906 
0.1 0.9999999999999999 0.057993622448979626 
0.2 0.0 1.9872448979591837E-4 
0.2 0.1 0.1431040816326531 
0.2 0.2 0.25587321428571436 
0.2 0.30000000000000004 0.3107941326530613 
0.2 0.4 0.34475229591836726 
0.2 0.5 0.3654346938775509 
0.2 0.6 0.3817234693877552 
0.2 0.7 0.3922857142857142 
0.2 0.7999999999999999 0.40158443877551003 
0.2 0.8999999999999999 0.4091132653061223 
0.2 0.9999999999999999 0.41402908163265284 
0.30000000000000004 0.0 1.9311224489795915E-4 
0.30000000000000004 0.1 0.20734642857142863 
0.30000000000000004 0.2 0.3323053571428569 
0.30000000000000004 0.30000000000000004 0.3964084183673469 
0.30000000000000004 0.4 0.4355709183673469 
0.30000000000000004 0.5 0.46166071428571415 
0.30000000000000004 0.6 0.479761224489796 
0.30000000000000004 0.7 0.49356887755102036 
0.30000000000000004 0.7999999999999999 0.5043579081632653 
0.30000000000000004 0.8999999999999999 0.512891836734694 
0.30000000000000004 0.9999999999999999 0.5204214285714284 
0.4 0.0 1.7142857142857143E-4 
0.4 0.1 0.23593061224489795 
0.4 0.2 0.37038520408163267 
0.4 0.30000000000000004 0.44135969387755086 
0.4 0.4 0.484125 
0.4 0.5 0.5130352040816327 
0.4 0.6 0.5337966836734694 
0.4 0.7 0.5499155612244897 
0.4 0.7999999999999999 0.5613951530612245 
0.4 0.8999999999999999 0.5719897959183675 
0.4 0.9999999999999999 0.579883673469388 
0.5 0.0 1.7678571428571428E-4 
0.5 0.1 0.25331096938775505 
0.5 0.2 0.39363647959183695 
0.5 0.30000000000000004 0.4685982142857144 
0.5 0.4 0.5152923469387755 
0.5 0.5 0.5469872448979591 
0.5 0.6 0.5700966836734693 
0.5 0.7 0.5866415816326532 
0.5 0.7999999999999999 0.6004617346938773 
0.5 0.8999999999999999 0.6114510204081629 
0.5 0.9999999999999999 0.620517602040816 
0.6 0.0 1.732142857142857E-4 
0.6 0.1 0.2639086734693877 
0.6 0.2 0.40984081632653047 
0.6 0.30000000000000004 0.4877834183673469 
0.6 0.4 0.5368874999999999 
0.6 0.5 0.5706094387755102 
0.6 0.6 0.5945591836734692 
0.6 0.7 0.6129795918367348 
0.6 0.7999999999999999 0.6273841836734694 
0.6 0.8999999999999999 0.6393826530612245 
0.6 0.9999999999999999 0.6493757653061224 
0.7 0.0 1.8392857142857143E-4 
0.7 0.1 0.2712941326530612 
0.7 0.2 0.42104923469387745 
0.7 0.30000000000000004 0.5023168367346941 
0.7 0.4 0.5529316326530611 
0.7 0.5 0.5881204081632654 
0.7 0.6 0.6130469387755103 
0.7 0.7 0.6333158163265306 
0.7 0.7999999999999999 0.6484908163265307 
0.7 0.8999999999999999 0.6606374999999999 
0.7 0.9999999999999999 0.6710676020408164 
0.7999999999999999 0.0 1.6377551020408166E-4 
0.7999999999999999 0.1 0.2768369897959183 
0.7999999999999999 0.2 0.42969617346938777 
0.7999999999999999 0.30000000000000004 0.5131431122448981 
0.7999999999999999 0.4 0.5658474489795919 
0.7999999999999999 0.5 0.6023214285714286 
0.7999999999999999 0.6 0.6288073979591836 
0.7999999999999999 0.7 0.6481948979591835 
0.7999999999999999 0.7999999999999999 0.6636188775510204 
0.7999999999999999 0.8999999999999999 0.6772755102040817 
0.7999999999999999 0.9999999999999999 0.6879864795918367 
0.8999999999999999 0.0 1.6377551020408166E-4 
0.8999999999999999 0.1 0.2814686224489796 
0.8999999999999999 0.2 0.4367150510204082 
0.8999999999999999 0.30000000000000004 0.5218063775510204 
0.8999999999999999 0.4 0.5757061224489796 
0.8999999999999999 0.5 0.6129933673469389 
0.8999999999999999 0.6 0.6400178571428572 
0.8999999999999999 0.7 0.6609969387755104 
0.8999999999999999 0.7999999999999999 0.6775451530612248 
0.8999999999999999 0.8999999999999999 0.6906413265306123 
0.8999999999999999 0.9999999999999999 0.7015395408163266 
0.9999999999999999 0.0 1.6403061224489794E-4 
0.9999999999999999 0.1 0.28587499999999993 
0.9999999999999999 0.2 0.4426117346938777 
0.9999999999999999 0.30000000000000004 0.529236224489796 
0.9999999999999999 0.4 0.5839091836734694 
0.9999999999999999 0.5 0.6218874999999999 
0.9999999999999999 0.6 0.6499155612244897 
0.9999999999999999 0.7 0.6713522959183674 
0.9999999999999999 0.7999999999999999 0.6882788265306121 
0.9999999999999999 0.8999999999999999 0.7024012755102041 
0.9999999999999999 0.9999999999999999 0.7133053571428573 
0.0 0.0 0.0 
0.0 0.0 0.0 
0.0 0.0 0.0 
0.0 0.0 0.0 
0.0 0.0 0.0 
0.0 0.0 0.0 
0.0 0.0 0.0 
0.0 0.0 0.0 
0.0 0.0 0.0 
0.0 0.0 0.0 
0.0 0.0 0.0 
0.0 0.0 0.0 
0.0 0.0 0.0 
0.0 0.0 0.0 
0.0 0.0 0.0 
0.0 0.0 0.0 
0.0 0.0 0.0 
0.0 0.0 0.0 
0.0 0.0 0.0 
0.0 0.0 0.0 
0.0 0.0 0.0 
0.0 0.0 0.0 
0.0 0.0 0.0 
0.0 0.0 0.0 
0.0 0.0 0.0 
0.0 0.0 0.0 
0.0 0.0 0.0 
0.0 0.0 0.0 
0.0 0.0 0.0 
0.0 0.0 0.0 
0.0 0.0 0.0 
0.0 0.0 0.0 
0.0 0.0 0.0 
0.0 0.0 0.0 
0.0 0.0 0.0 
0.0 0.0 0.0 
0.0 0.0 0.0 
0.0 0.0 0.0 
0.0 0.0 0.0 
0.0 0.0 0.0 
0.0 0.0 0.0 
0.0 0.0 0.0 
0.0 0.0 0.0 
0.0 0.0 0.0 
0.0 0.0 0.0 
0.0 0.0 0.0 
0.0 0.0 0.0 
0.0 0.0 0.0 
0.0 0.0 0.0 
0.0 0.0 0.0 
0.0 0.0 0.0 
0.0 0.0 0.0 
0.0 0.0 0.0 
0.0 0.0 0.0 
0.0 0.0 0.0 
0.0 0.0 0.0 
0.0 0.0 0.0 
0.0 0.0 0.0 
0.0 0.0 0.0 
0.0 0.0 0.0 
0.0 0.0 0.0 
0.0 0.0 0.0 
0.0 0.0 0.0 
0.0 0.0 0.0 
0.0 0.0 0.0 
0.0 0.0 0.0 
0.0 0.0 0.0 
0.0 0.0 0.0 
0.0 0.0 0.0 
0.0 0.0 0.0 
0.0 0.0 0.0 
0.0 0.0 0.0 
0.0 0.0 0.0 
0.0 0.0 0.0 
0.0 0.0 0.0 
0.0 0.0 0.0 
0.0 0.0 0.0 
0.0 0.0 0.0 
0.0 0.0 0.0 
