0.0 0.0 9.99999499999875E-8 
0.0 0.1 0.0 
0.0 0.2 0.0 
0.0 0.30000000000000004 0.0 
0.0 0.4 9.99999499999875E-8 
0.0 0.5 0.0 
0.0 0.6 0.0 
0.0 0.7 0.0 
0.0 0.7999999999999999 0.0 
0.0 0.8999999999999999 0.0 
0.0 0.9999999999999999 0.0 
0.1 0.0 1.99999899999975E-7 
0.1 0.1 1.99999899999975E-7 
0.1 0.2 1.3999992999998248E-6 
0.1 0.30000000000000004 1.799999099999775E-6 
0.1 0.4 5.99999699999925E-7 
0.1 0.5 9.999994999998751E-7 
0.1 0.6 2.009973920228817E-6 
0.1 0.7 2.4999987499996876E-6 
0.1 0.7999999999999999 2.0615510447233655E-6 
0.1 0.8999999999999999 9.273610731532783E-7 
0.1 0.9999999999999999 1.0440298415275302E-6 
0.2 0.0 0.0 
0.2 0.1 2.7073957209835436E-6 
0.2 0.2 9.291387934533787E-6 
0.2 0.30000000000000004 1.7390501855610723E-5 
0.2 0.4 2.03494259290035E-5 
0.2 0.5 2.840665558561937E-5 
0.2 0.6 2.345077432921992E-5 
0.2 0.7 3.1936296089402725E-5 
0.2 0.7999999999999999 4.456034379568901E-5 
0.2 0.8999999999999999 3.430038019089585E-5 
0.2 0.9999999999999999 4.8518568601721966E-5 
0.30000000000000004 0.0 9.99999499999875E-8 
0.30000000000000004 0.1 7.057614128726506E-6 
0.30000000000000004 0.2 3.2814093675583974E-5 
0.30000000000000004 0.30000000000000004 7.408975892496885E-5 
0.30000000000000004 0.4 1.455190883528343E-4 
0.30000000000000004 0.5 2.5074135297902103E-4 
0.30000000000000004 0.6 8.911529524960291E-4 
0.30000000000000004 0.7 0.0014067984831011295 
0.30000000000000004 0.7999999999999999 0.0018218008353360143 
0.30000000000000004 0.8999999999999999 0.002065268341121741 
0.30000000000000004 0.9999999999999999 0.002301661275804057 
0.4 0.0 0.0 
0.4 0.1 2.0881508052820326E-5 
0.4 0.2 6.885707748520768E-4 
0.4 0.30000000000000004 0.0018730769223359697 
0.4 0.4 0.002704433619067724 
0.4 0.5 0.003274103044197057 
0.4 0.6 0.003733180573167442 
0.4 0.7 0.004042856090356141 
0.4 0.7999999999999999 0.004323951020834122 
0.4 0.8999999999999999 0.004563021895320503 
0.4 0.9999999999999999 0.004754925824554199 
0.5 0.0 9.99999499999875E-8 
0.5 0.1 4.4693432649299823E-4 
0.5 0.2 0.0018699033228906346 
0.5 0.30000000000000004 0.0029862123353909783 
0.5 0.4 0.0037876318046227825 
0.5 0.5 0.004400422918098294 
0.5 0.6 0.004860774669950947 
0.5 0.7 0.005211492455939949 
0.5 0.7999999999999999 0.005502948594973169 
0.5 0.8999999999999999 0.005746896331591996 
0.5 0.9999999999999999 0.005938062301076632 
0.6 0.0 9.99999499999875E-8 
0.6 0.1 9.418682827738492E-4 
0.6 0.2 0.0024259444360175356 
0.6 0.30000000000000004 0.0035922340393507272 
0.6 0.4 0.0044406589327704235 
0.6 0.5 0.0050817240637081335 
0.6 0.6 0.0055695434184225324 
0.6 0.7 0.005950626588229825 
0.6 0.7999999999999999 0.0062530736317640105 
0.6 0.8999999999999999 0.006517472365099541 
0.6 0.9999999999999999 0.00671056871443209 
0.7 0.0 0.0 
0.7 0.1 0.0011965364010922148 
0.7 0.2 0.002771388041445352 
0.7 0.30000000000000004 0.0040004866867355505 
0.7 0.4 0.00488534394490805 
0.7 0.5 0.005551883508723947 
0.7 0.6 0.00604719635775527 
0.7 0.7 0.0064576408085857415 
0.7 0.7999999999999999 0.006785061451393817 
0.7 0.8999999999999999 0.007057169035938216 
0.7 0.9999999999999999 0.007286303112560582 
0.7999999999999999 0.0 0.0 
0.7999999999999999 0.1 0.0013636688196467053 
0.7999999999999999 0.2 0.003025924116579579 
0.7999999999999999 0.30000000000000004 0.004286449317147283 
0.7999999999999999 0.4 0.0052172634279566265 
0.7999999999999999 0.5 0.00589840322330437 
0.7999999999999999 0.6 0.0064293028899461615 
0.7999999999999999 0.7 0.006849943262264564 
0.7999999999999999 0.7999999999999999 0.007197248486574574 
0.7999999999999999 0.8999999999999999 0.007481494793503733 
0.7999999999999999 0.9999999999999999 0.007729558501150057 
0.8999999999999999 0.0 0.0 
0.8999999999999999 0.1 0.0014993283860405095 
0.8999999999999999 0.2 0.003212924632012273 
0.8999999999999999 0.30000000000000004 0.004514279940286894 
0.8999999999999999 0.4 0.005466848379789203 
0.8999999999999999 0.5 0.006174297918481196 
0.8999999999999999 0.6 0.006722197033191384 
0.8999999999999999 0.7 0.007162053281756673 
0.8999999999999999 0.7999999999999999 0.007521791178622325 
0.8999999999999999 0.8999999999999999 0.007808924534103884 
0.8999999999999999 0.9999999999999999 0.008069930488309292 
0.9999999999999999 0.0 0.0 
0.9999999999999999 0.1 0.001593226493081809 
0.9999999999999999 0.2 0.003358459344610427 
0.9999999999999999 0.30000000000000004 0.004686051811149233 
0.9999999999999999 0.4 0.005668943619969245 
0.9999999999999999 0.5 0.006387198139332593 
0.9999999999999999 0.6 0.00697414046174528 
0.9999999999999999 0.7 0.007414713665731289 
0.9999999999999999 0.7999999999999999 0.007777991445328769 
0.9999999999999999 0.8999999999999999 0.008096387920046121 
0.9999999999999999 0.9999999999999999 0.008362018852113627 
