0.0 0.0 0.0 
0.0 0.05 0.0 
0.0 0.1 0.0 
0.0 0.15000000000000002 0.0 
0.0 0.2 0.0 
0.0 0.25 0.0 
0.0 0.3 0.0 
0.0 0.35 3.1606961258558217E-6 
0.0 0.39999999999999997 0.0 
0.0 0.44999999999999996 0.0 
0.0 0.49999999999999994 0.0 
0.0 0.5499999999999999 0.0 
0.0 0.6 0.0 
0.0 0.65 0.0 
0.0 0.7000000000000001 0.0 
0.0 0.7500000000000001 4.467661580737736E-6 
0.0 0.8000000000000002 0.0 
0.0 0.8500000000000002 0.0 
0.0 0.9000000000000002 0.0 
0.0 0.9500000000000003 0.0 
0.05 0.0 0.0 
0.05 0.05 3.1606961258558217E-6 
0.05 0.1 0.0 
0.05 0.15000000000000002 6.321392251711643E-6 
0.05 0.2 9.482088377567465E-6 
0.05 0.25 1.2642784503423287E-5 
0.05 0.3 6.321392251711643E-6 
0.05 0.35 2.5285569006846573E-5 
0.05 0.39999999999999997 9.482088377567465E-6 
0.05 0.44999999999999996 1.2642784503423287E-5 
0.05 0.49999999999999994 2.2346364357541472E-5 
0.05 0.5499999999999999 6.321392251711643E-6 
0.05 0.6 1.2642784503423287E-5 
0.05 0.65 3.1606961258558217E-6 
0.05 0.7000000000000001 9.482088377567465E-6 
0.05 0.7500000000000001 1.5803480629279107E-5 
0.05 0.8000000000000002 3.476765738441404E-5 
0.05 0.8500000000000002 1.5803480629279107E-5 
0.05 0.9000000000000002 9.482088377567465E-6 
0.05 0.9500000000000003 0.0 
0.1 0.0 3.1606961258558217E-6 
0.1 0.05 3.1606961258558217E-6 
0.1 0.1 6.321392251711643E-6 
0.1 0.15000000000000002 0.0 
0.1 0.2 4.42497457619815E-5 
0.1 0.25 1.5803480629279107E-5 
0.1 0.3 2.212487288099075E-5 
0.1 0.35 4.156621224023185E-5 
0.1 0.39999999999999997 5.0571138013693146E-5 
0.1 0.44999999999999996 4.156621224023185E-5 
0.1 0.49999999999999994 6.352290925327648E-5 
0.1 0.5499999999999999 4.1207280910052774E-5 
0.1 0.6 6.328973060457755E-5 
0.1 0.65 4.42497457619815E-5 
0.1 0.7000000000000001 5.06666557017532E-5 
0.1 0.7500000000000001 2.5285569006846573E-5 
0.1 0.8000000000000002 5.697710066333667E-5 
0.1 0.8500000000000002 6.0378721417400024E-5 
0.1 0.9000000000000002 7.59670981412348E-5 
0.1 0.9500000000000003 1.5222667308983665E-4 
0.15000000000000002 0.0 3.1606961258558217E-6 
0.15000000000000002 0.05 2.5285569006846573E-5 
0.15000000000000002 0.1 1.2642784503423287E-5 
0.15000000000000002 0.15000000000000002 5.0571138013693146E-5 
0.15000000000000002 0.2 1.1113734745799902E-4 
0.15000000000000002 0.25 1.0114227602738629E-4 
0.15000000000000002 0.3 1.4414405988454746E-4 
0.15000000000000002 0.35 2.0523428076225475E-4 
0.15000000000000002 0.39999999999999997 1.1899848738534453E-4 
0.15000000000000002 0.44999999999999996 1.9007259139602428E-4 
0.15000000000000002 0.49999999999999994 1.671770319152724E-4 
0.15000000000000002 0.5499999999999999 1.9279045619532102E-4 
0.15000000000000002 0.6 4.006882079622509E-4 
0.15000000000000002 0.65 3.1609161646585943E-4 
0.15000000000000002 0.7000000000000001 2.886291565313525E-4 
0.15000000000000002 0.7500000000000001 2.832820326106123E-4 
0.15000000000000002 0.8000000000000002 3.596920349410034E-4 
0.15000000000000002 0.8500000000000002 3.6624445388292235E-4 
0.15000000000000002 0.9000000000000002 3.9038410572153165E-4 
0.15000000000000002 0.9500000000000003 4.127118970904522E-4 
0.2 0.0 0.0 
0.2 0.05 6.321392251711643E-6 
0.2 0.1 9.251545816781107E-5 
0.2 0.15000000000000002 1.6178006675731098E-4 
0.2 0.2 1.779931459354545E-4 
0.2 0.25 2.723006426727634E-4 
0.2 0.3 3.4879333422529736E-4 
0.2 0.35 5.339334790027687E-4 
0.2 0.39999999999999997 4.1062878613170803E-4 
0.2 0.44999999999999996 7.775626984365955E-4 
0.2 0.49999999999999994 7.051107643484108E-4 
0.2 0.5499999999999999 7.980007769419778E-4 
0.2 0.6 9.111599146143338E-4 
0.2 0.65 0.0010706685341411691 
0.2 0.7000000000000001 9.82220667670967E-4 
0.2 0.7500000000000001 0.0011811934600225314 
0.2 0.8000000000000002 0.0011832051343701987 
0.2 0.8500000000000002 0.001088606591014403 
0.2 0.9000000000000002 0.0012168829031587221 
0.2 0.9500000000000003 0.0014090992725851507 
0.25 0.0 0.0 
0.25 0.05 4.42497457619815E-5 
0.25 0.1 8.238349349232527E-5 
0.25 0.15000000000000002 3.799094497376974E-4 
0.25 0.2 6.399555922093344E-4 
0.25 0.25 9.883823905756312E-4 
0.25 0.3 0.0011625492290651609 
0.25 0.35 0.0016306339595384368 
0.25 0.39999999999999997 0.0017119217154998648 
0.25 0.44999999999999996 0.0021789657890843536 
0.25 0.49999999999999994 0.0022190240534973923 
0.25 0.5499999999999999 0.0026016535049848593 
0.25 0.6 0.0031357063382912624 
0.25 0.65 0.0030116251028306958 
0.25 0.7000000000000001 0.003342157770064124 
0.25 0.7500000000000001 0.004002170890904084 
0.25 0.8000000000000002 0.0038378742814219437 
0.25 0.8500000000000002 0.004485447955332889 
0.25 0.9000000000000002 0.0038008349490605354 
0.25 0.9500000000000003 0.004557095819707985 
0.3 0.0 3.1606961258558217E-6 
0.3 0.05 2.2346364357541472E-5 
0.3 0.1 2.5882650559786184E-4 
0.3 0.15000000000000002 5.347023097013887E-4 
0.3 0.2 0.0011224651397704964 
0.3 0.25 0.002010487214582575 
0.3 0.3 0.002208643092489142 
0.3 0.35 0.0035996833194046392 
0.3 0.39999999999999997 0.004146557317824029 
0.3 0.44999999999999996 0.006235828333108602 
0.3 0.49999999999999994 0.008106355176033177 
0.3 0.5499999999999999 0.011569372808843086 
0.3 0.6 0.010795155995167468 
0.3 0.65 0.010712587350869102 
0.3 0.7000000000000001 0.010454232587808952 
0.3 0.7500000000000001 0.010574772052389776 
0.3 0.8000000000000002 0.010612378764443523 
0.3 0.8500000000000002 0.010129220185186364 
0.3 0.9000000000000002 0.010635916321126839 
0.3 0.9500000000000003 0.010319537582175853 
0.35 0.0 0.0 
0.35 0.05 4.7410441887837324E-5 
0.35 0.1 2.869804000275977E-4 
0.35 0.15000000000000002 0.0012108045217953227 
0.35 0.2 0.002422829511129497 
0.35 0.25 0.004618501921619173 
0.35 0.3 0.009438347829466195 
0.35 0.35 0.009388509144693453 
0.35 0.39999999999999997 0.008955836601905066 
0.35 0.44999999999999996 0.009242590303047015 
0.35 0.49999999999999994 0.009985722079047837 
0.35 0.5499999999999999 0.01007156234106823 
0.35 0.6 0.010272612827805472 
0.35 0.65 0.010747367400438204 
0.35 0.7000000000000001 0.011057541498453543 
0.35 0.7500000000000001 0.011102481884697455 
0.35 0.8000000000000002 0.01140083712014177 
0.35 0.8500000000000002 0.01163510848424227 
0.35 0.9000000000000002 0.011632676271606957 
0.35 0.9500000000000003 0.011972559176721307 
0.39999999999999997 0.0 0.0 
0.39999999999999997 0.05 1.6113348503647527E-5 
0.39999999999999997 0.1 2.041134733426483E-4 
0.39999999999999997 0.15000000000000002 0.0023032962792485035 
0.39999999999999997 0.2 0.0086791458560159 
0.39999999999999997 0.25 0.008720363659848176 
0.39999999999999997 0.3 0.008914575489613087 
0.39999999999999997 0.35 0.00961761608507646 
0.39999999999999997 0.39999999999999997 0.0103424464397939 
0.39999999999999997 0.44999999999999996 0.010602222857022349 
0.39999999999999997 0.49999999999999994 0.01106031671156166 
0.39999999999999997 0.5499999999999999 0.011663494072966291 
0.39999999999999997 0.6 0.012027194648380085 
0.39999999999999997 0.65 0.012269791129437713 
0.39999999999999997 0.7000000000000001 0.012293267944694817 
0.39999999999999997 0.7500000000000001 0.01292735124881045 
0.39999999999999997 0.8000000000000002 0.012992437954445789 
0.39999999999999997 0.8500000000000002 0.013454924420453753 
0.39999999999999997 0.9000000000000002 0.013695209222202059 
0.39999999999999997 0.9500000000000003 0.013835983980554663 
0.44999999999999996 0.0 0.0 
0.44999999999999996 0.05 5.373183413954896E-5 
0.44999999999999996 0.1 7.747818015415694E-4 
0.44999999999999996 0.15000000000000002 0.007679948665843867 
0.44999999999999996 0.2 0.008196767508597975 
0.44999999999999996 0.25 0.008993641375438533 
0.44999999999999996 0.3 0.009672155457291737 
0.44999999999999996 0.35 0.010497790860939065 
0.44999999999999996 0.39999999999999997 0.01108615868143932 
0.44999999999999996 0.44999999999999996 0.011513433612961803 
0.44999999999999996 0.49999999999999994 0.012320216899074426 
0.44999999999999996 0.5499999999999999 0.012853400278136858 
0.44999999999999996 0.6 0.013097880249867511 
0.44999999999999996 0.65 0.013349238988047425 
0.44999999999999996 0.7000000000000001 0.013964717698184517 
0.44999999999999996 0.7500000000000001 0.014113474962258187 
0.44999999999999996 0.8000000000000002 0.014522525642595839 
0.44999999999999996 0.8500000000000002 0.01468463102839083 
0.44999999999999996 0.9000000000000002 0.01502021638958277 
0.44999999999999996 0.9500000000000003 0.015243855100006485 
0.49999999999999994 0.0 0.0 
0.49999999999999994 0.05 3.792835351026986E-5 
0.49999999999999994 0.1 0.0077945676153329865 
0.49999999999999994 0.15000000000000002 0.00762582428331488 
0.49999999999999994 0.2 0.00859660718597884 
0.49999999999999994 0.25 0.009329860663482833 
0.49999999999999994 0.3 0.01044355563206503 
0.49999999999999994 0.35 0.01102843032167183 
0.49999999999999994 0.39999999999999997 0.011897412941894293 
0.49999999999999994 0.44999999999999996 0.012632346400802057 
0.49999999999999994 0.49999999999999994 0.013032440154859753 
0.49999999999999994 0.5499999999999999 0.013758442263201264 
0.49999999999999994 0.6 0.014072358055426533 
0.49999999999999994 0.65 0.01458085950827024 
0.49999999999999994 0.7000000000000001 0.014953316041614095 
0.49999999999999994 0.7500000000000001 0.015243835734821565 
0.49999999999999994 0.8000000000000002 0.015471807036034796 
0.49999999999999994 0.8500000000000002 0.01590250138689926 
0.49999999999999994 0.9000000000000002 0.016118645693738998 
0.49999999999999994 0.9500000000000003 0.01632672524146336 
0.5499999999999999 0.0 3.1606961258558217E-6 
0.5499999999999999 0.05 7.585670702053972E-5 
0.5499999999999999 0.1 0.007817089269031354 
0.5499999999999999 0.15000000000000002 0.008377919545448668 
0.5499999999999999 0.2 0.009213241147390363 
0.5499999999999999 0.25 0.009942671893914751 
0.5499999999999999 0.3 0.011003397329461288 
0.5499999999999999 0.35 0.011851950434840797 
0.5499999999999999 0.39999999999999997 0.01260387023735194 
0.5499999999999999 0.44999999999999996 0.013318003078161389 
0.5499999999999999 0.49999999999999994 0.0139356584914427 
0.5499999999999999 0.5499999999999999 0.014484814116869265 
0.5499999999999999 0.6 0.014857248768199821 
0.5499999999999999 0.65 0.015357385972560528 
0.5499999999999999 0.7000000000000001 0.01571721054004859 
0.5499999999999999 0.7500000000000001 0.01622476116928911 
0.5499999999999999 0.8000000000000002 0.016432913611108095 
0.5499999999999999 0.8500000000000002 0.016805530584919414 
0.5499999999999999 0.9000000000000002 0.017033524455024696 
0.5499999999999999 0.9500000000000003 0.01730034061831485 
0.6 0.0 0.0 
0.6 0.05 7.694407059676528E-5 
0.6 0.1 0.008298840323201384 
0.6 0.15000000000000002 0.00850071444291726 
0.6 0.2 0.009429930500273652 
0.6 0.25 0.010471330371542197 
0.6 0.3 0.011429731272433557 
0.6 0.35 0.012394394729481431 
0.6 0.39999999999999997 0.013193130483702267 
0.6 0.44999999999999996 0.014043323905340042 
0.6 0.49999999999999994 0.014419211456942471 
0.6 0.5499999999999999 0.015170153096134781 
0.6 0.6 0.01573418169941738 
0.6 0.65 0.016108246096642607 
0.6 0.7000000000000001 0.0165412833553 
0.6 0.7500000000000001 0.016951855566860304 
0.6 0.8000000000000002 0.017253658160214576 
0.6 0.8500000000000002 0.01760892593856761 
0.6 0.9000000000000002 0.01789107944618862 
0.6 0.9500000000000003 0.018101952341119925 
0.65 0.0 3.1606961258558217E-6 
0.65 0.05 8.625769530888245E-5 
0.65 0.1 0.008223520995291307 
0.65 0.15000000000000002 0.008871819470098151 
0.65 0.2 0.009815244118716294 
0.65 0.25 0.010830057763462658 
0.65 0.3 0.011963795008275678 
0.65 0.35 0.01275671004255964 
0.65 0.39999999999999997 0.013688894295740203 
0.65 0.44999999999999996 0.01453703645040394 
0.65 0.49999999999999994 0.01506812543086331 
0.65 0.5499999999999999 0.01570731071030368 
0.65 0.6 0.016280542838309445 
0.65 0.65 0.016756345390331925 
0.65 0.7000000000000001 0.01721953857570117 
0.65 0.7500000000000001 0.017669528019736563 
0.65 0.8000000000000002 0.017950019650121326 
0.65 0.8500000000000002 0.01824200634553471 
0.65 0.9000000000000002 0.018564733779668833 
0.65 0.9500000000000003 0.018877381224903077 
0.7000000000000001 0.0 0.0 
0.7000000000000001 0.05 4.108904963612568E-5 
0.7000000000000001 0.1 0.008534796072548752 
0.7000000000000001 0.15000000000000002 0.009038173213655692 
0.7000000000000001 0.2 0.00996820236502005 
0.7000000000000001 0.25 0.011133596219996308 
0.7000000000000001 0.3 0.012235512575695546 
0.7000000000000001 0.35 0.01334082139862657 
0.7000000000000001 0.39999999999999997 0.01409504169238404 
0.7000000000000001 0.44999999999999996 0.015013469085789814 
0.7000000000000001 0.49999999999999994 0.01562312577910996 
0.7000000000000001 0.5499999999999999 0.016245980302838782 
0.7000000000000001 0.6 0.016880795834024513 
0.7000000000000001 0.65 0.017355609352294882 
0.7000000000000001 0.7000000000000001 0.0177148439451049 
0.7000000000000001 0.7500000000000001 0.01814798746720373 
0.7000000000000001 0.8000000000000002 0.01857356707124031 
0.7000000000000001 0.8500000000000002 0.01887953399186975 
0.7000000000000001 0.9000000000000002 0.01917062778705907 
0.7000000000000001 0.9500000000000003 0.019427096540656108 
0.7500000000000001 0.0 0.0 
0.7500000000000001 0.05 0.010517667564626734 
0.7500000000000001 0.1 0.009192504489528297 
0.7500000000000001 0.15000000000000002 0.009369120436303068 
0.7500000000000001 0.2 0.01023476091758421 
0.7500000000000001 0.25 0.011443911001052671 
0.7500000000000001 0.3 0.012402222693938146 
0.7500000000000001 0.35 0.013562244279980788 
0.7500000000000001 0.39999999999999997 0.0145644516203044 
0.7500000000000001 0.44999999999999996 0.015376049567758286 
0.7500000000000001 0.49999999999999994 0.015944052646366298 
0.7500000000000001 0.5499999999999999 0.016730147015485402 
0.7500000000000001 0.6 0.017288428041904766 
0.7500000000000001 0.65 0.017780910403865636 
0.7500000000000001 0.7000000000000001 0.018190952664449173 
0.7500000000000001 0.7500000000000001 0.01867715311390181 
0.7500000000000001 0.8000000000000002 0.019055241502272908 
0.7500000000000001 0.8500000000000002 0.019409467812389898 
0.7500000000000001 0.9000000000000002 0.01965694079554903 
0.7500000000000001 0.9500000000000003 0.020062447790842573 
0.8000000000000002 0.0 3.1606961258558217E-6 
0.8000000000000002 0.05 0.011316378424213305 
0.8000000000000002 0.1 0.009251395516354049 
0.8000000000000002 0.15000000000000002 0.009272208720687231 
0.8000000000000002 0.2 0.010452271465563984 
0.8000000000000002 0.25 0.011848374132772775 
0.8000000000000002 0.3 0.012820569302495704 
0.8000000000000002 0.35 0.01388522664560913 
0.8000000000000002 0.39999999999999997 0.014798254558912517 
0.8000000000000002 0.44999999999999996 0.015661335421674676 
0.8000000000000002 0.49999999999999994 0.01640293101978747 
0.8000000000000002 0.5499999999999999 0.017001596747349797 
0.8000000000000002 0.6 0.017680516869983166 
0.8000000000000002 0.65 0.018272010912598568 
0.8000000000000002 0.7000000000000001 0.018652913418542538 
0.8000000000000002 0.7500000000000001 0.019061905176556374 
0.8000000000000002 0.8000000000000002 0.019567211543541883 
0.8000000000000002 0.8500000000000002 0.019810948625433627 
0.8000000000000002 0.9000000000000002 0.020220270651997087 
0.8000000000000002 0.9500000000000003 0.02048138942332279 
0.8500000000000002 0.0 3.1606961258558217E-6 
0.8500000000000002 0.05 0.011387299836221085 
0.8500000000000002 0.1 0.00932080626555529 
0.8500000000000002 0.15000000000000002 0.00970565802766601 
0.8500000000000002 0.2 0.010775436451016524 
0.8500000000000002 0.25 0.011884865688767052 
0.8500000000000002 0.3 0.013116304374330716 
0.8500000000000002 0.35 0.0143982413912169 
0.8500000000000002 0.39999999999999997 0.015131924497571567 
0.8500000000000002 0.44999999999999996 0.015974751698860708 
0.8500000000000002 0.49999999999999994 0.016745651308927526 
0.8500000000000002 0.5499999999999999 0.017401519967805087 
0.8500000000000002 0.6 0.017969864746291333 
0.8500000000000002 0.65 0.01855040007951807 
0.8500000000000002 0.7000000000000001 0.01908067451638871 
0.8500000000000002 0.7500000000000001 0.019469729062307848 
0.8500000000000002 0.8000000000000002 0.01989653641817375 
0.8500000000000002 0.8500000000000002 0.0203090714644906 
0.8500000000000002 0.9000000000000002 0.020640371188286082 
0.8500000000000002 0.9500000000000003 0.02095403216567137 
0.9000000000000002 0.0 0.0 
0.9000000000000002 0.05 6.005322639126061E-5 
0.9000000000000002 0.1 0.009556764447762383 
0.9000000000000002 0.15000000000000002 0.009803962500436258 
0.9000000000000002 0.2 0.010956997090446244 
0.9000000000000002 0.25 0.012163510173874225 
0.9000000000000002 0.3 0.013284896583715428 
0.9000000000000002 0.35 0.014519772779228607 
0.9000000000000002 0.39999999999999997 0.01550734141464338 
0.9000000000000002 0.44999999999999996 0.01630823424409691 
0.9000000000000002 0.49999999999999994 0.017064465243299 
0.9000000000000002 0.5499999999999999 0.017725591176592996 
0.9000000000000002 0.6 0.01839674950745808 
0.9000000000000002 0.65 0.0188771425157432 
0.9000000000000002 0.7000000000000001 0.01942018253646587 
0.9000000000000002 0.7500000000000001 0.019850816263076446 
0.9000000000000002 0.8000000000000002 0.02030287477180463 
0.9000000000000002 0.8500000000000002 0.020596226838925473 
0.9000000000000002 0.9000000000000002 0.021050530250809246 
0.9000000000000002 0.9500000000000003 0.021298586901242405 
0.9500000000000003 0.0 0.0 
0.9500000000000003 0.05 8.919815020503508E-5 
0.9500000000000003 0.1 0.009551488193471248 
0.9500000000000003 0.15000000000000002 0.009570144765887134 
0.9500000000000003 0.2 0.010885323730148685 
0.9500000000000003 0.25 0.01232946871158714 
0.9500000000000003 0.3 0.013569014271863737 
0.9500000000000003 0.35 0.014547091458767715 
0.9500000000000003 0.39999999999999997 0.01564756651239904 
0.9500000000000003 0.44999999999999996 0.01649537168542164 
0.9500000000000003 0.49999999999999994 0.017300716960862297 
0.9500000000000003 0.5499999999999999 0.018020961518195475 
0.9500000000000003 0.6 0.01854948452006917 
0.9500000000000003 0.65 0.019330623143344834 
0.9500000000000003 0.7000000000000001 0.019717985571554894 
0.9500000000000003 0.7500000000000001 0.02022415391457678 
0.9500000000000003 0.8000000000000002 0.020651306490137147 
0.9500000000000003 0.8500000000000002 0.020988456236465173 
0.9500000000000003 0.9000000000000002 0.02127583979540371 
0.9500000000000003 0.9500000000000003 0.02162782270848603 
0.0 0.0 0.0 
