0.0 0.0 0.0 
0.0 0.05 0.0 
0.0 0.1 0.0 
0.0 0.15000000000000002 0.0 
0.0 0.2 0.0 
0.0 0.25 0.0 
0.0 0.3 0.0 
0.0 0.35 0.0 
0.0 0.39999999999999997 0.0 
0.0 0.44999999999999996 0.0 
0.0 0.49999999999999994 2.235508890610816E-6 
0.0 0.5499999999999999 2.235508890610816E-6 
0.0 0.6 0.0 
0.0 0.65 0.0 
0.0 0.7000000000000001 0.0 
0.0 0.7500000000000001 0.0 
0.0 0.8000000000000002 0.0 
0.0 0.8500000000000002 0.0 
0.0 0.9000000000000002 0.0 
0.0 0.9500000000000003 0.0 

0.05 0.0 0.0 
0.05 0.05 2.235508890610816E-6 
0.05 0.1 6.706526671832447E-6 
0.05 0.15000000000000002 0.0 
0.05 0.2 6.706526671832447E-6 
0.05 0.25 2.235508890610816E-6 
0.05 0.3 0.0 
0.05 0.35 8.942035562443264E-6 
0.05 0.39999999999999997 1.3413053343664894E-5 
0.05 0.44999999999999996 2.4590597796718977E-5 
0.05 0.49999999999999994 0.0 
0.05 0.5499999999999999 4.471017781221632E-6 
0.05 0.6 1.3413053343664894E-5 
0.05 0.65 1.1177544453054077E-5 
0.05 0.7000000000000001 4.471017781221632E-6 
0.05 0.7500000000000001 8.942035562443264E-6 
0.05 0.8000000000000002 1.1177544453054077E-5 
0.05 0.8500000000000002 2.235508890610816E-6 
0.05 0.9000000000000002 1.564856223427571E-5 
0.05 0.9500000000000003 4.471017781221632E-6 

0.1 0.0 4.471017781221632E-6 
0.1 0.05 4.471017781221632E-6 
0.1 0.1 0.0 
0.1 0.15000000000000002 1.788407112488653E-5 
0.1 0.2 1.1177544453054077E-5 
0.1 0.25 2.0119580015497344E-5 
0.1 0.3 1.8022139162707628E-5 
0.1 0.35 3.1375747003059544E-5 
0.1 0.39999999999999997 2.9061615577940606E-5 
0.1 0.44999999999999996 3.353263335916223E-5 
0.1 0.49999999999999994 4.998309714293423E-5 
0.1 0.5499999999999999 4.270711299069512E-5 
0.1 0.6 4.253234063627347E-5 
0.1 0.65 2.2355088906108155E-5 
0.1 0.7000000000000001 5.160850220651632E-5 
0.1 0.7500000000000001 6.298221971318573E-5 
0.1 0.8000000000000002 1.3413053343664894E-5 
0.1 0.8500000000000002 6.275149400611909E-5 
0.1 0.9000000000000002 4.8817799008148656E-5 
0.1 0.9500000000000003 4.694568670282713E-5 

0.15000000000000002 0.0 0.0 
0.15000000000000002 0.05 1.3413053343664894E-5 
0.15000000000000002 0.1 1.788407112488653E-5 
0.15000000000000002 0.15000000000000002 5.698341864086429E-5 
0.15000000000000002 0.2 4.048456495999432E-5 
0.15000000000000002 0.25 7.0580291158368E-5 
0.15000000000000002 0.3 6.668403107191407E-5 
0.15000000000000002 0.35 8.555113967680384E-5 
0.15000000000000002 0.39999999999999997 1.7966495902095098E-4 
0.15000000000000002 0.44999999999999996 1.8260336798646404E-4 
0.15000000000000002 0.49999999999999994 1.9773334948864846E-4 
0.15000000000000002 0.5499999999999999 1.785202999661383E-4 
0.15000000000000002 0.6 1.7326424183887454E-4 
0.15000000000000002 0.65 2.110994078627413E-4 
0.15000000000000002 0.7000000000000001 2.9879674948031146E-4 
0.15000000000000002 0.7500000000000001 1.386145735483827E-4 
0.15000000000000002 0.8000000000000002 2.942409726737594E-4 
0.15000000000000002 0.8500000000000002 3.3783424559982077E-4 
0.15000000000000002 0.9000000000000002 2.8218361043831023E-4 
0.15000000000000002 0.9500000000000003 3.1766592514778793E-4 

0.2 0.0 2.235508890610816E-6 
0.2 0.05 1.564856223427571E-5 
0.2 0.1 5.2184073240788706E-5 
0.2 0.15000000000000002 4.699776590434911E-5 
0.2 0.2 1.2536465809788658E-4 
0.2 0.25 2.1352751579129092E-4 
0.2 0.3 2.4742715594695743E-4 
0.2 0.35 3.489653134625274E-4 
0.2 0.39999999999999997 4.4236602209030476E-4 
0.2 0.44999999999999996 5.151644300609272E-4 
0.2 0.49999999999999994 6.186636889296154E-4 
0.2 0.5499999999999999 6.173792675495348E-4 
0.2 0.6 4.946622180842195E-4 
0.2 0.65 5.161505981784774E-4 
0.2 0.7000000000000001 9.162024544280593E-4 
0.2 0.7500000000000001 9.299975860183724E-4 
0.2 0.8000000000000002 7.842741803731651E-4 
0.2 0.8500000000000002 0.0010743959744898527 
0.2 0.9000000000000002 8.835539542099282E-4 
0.2 0.9500000000000003 0.0010903139903257226 

0.25 0.0 0.0 
0.25 0.05 8.942035562443264E-6 
0.25 0.1 7.874768250558235E-5 
0.25 0.15000000000000002 1.866331629159191E-4 
0.25 0.2 3.392461901038831E-4 
0.25 0.25 5.480711062444361E-4 
0.25 0.3 7.900568017554182E-4 
0.25 0.35 9.353796608864231E-4 
0.25 0.39999999999999997 9.985220878878944E-4 
0.25 0.44999999999999996 0.0017016990854731042 
0.25 0.49999999999999994 0.0013858033040442645 
0.25 0.5499999999999999 0.00152214768583735 
0.25 0.6 0.001913398837148178 
0.25 0.65 0.0020084938131595034 
0.25 0.7000000000000001 0.0025538544276250356 
0.25 0.7500000000000001 0.00253415847768051 
0.25 0.8000000000000002 0.0028271415316534826 
0.25 0.8500000000000002 0.0025508140190927285 
0.25 0.9000000000000002 0.0034678789536977785 
0.25 0.9500000000000003 0.002767895229231049 

0.3 0.0 0.0 
0.3 0.05 0.0 
0.3 0.1 1.3275653467908837E-4 
0.3 0.15000000000000002 3.1561111751647787E-4 
0.3 0.2 7.262513339058316E-4 
0.3 0.25 0.0014196005063045027 
0.3 0.3 0.0014051221441568707 
0.3 0.35 0.002757799575295493 
0.3 0.39999999999999997 0.0035318616394190757 
0.3 0.44999999999999996 0.004329950705262128 
0.3 0.49999999999999994 0.006207683049254367 
0.3 0.5499999999999999 0.011663656093931263 
0.3 0.6 0.010449613981386762 
0.3 0.65 0.009921311630902305 
0.3 0.7000000000000001 0.010114372218654001 
0.3 0.7500000000000001 0.009931549683209018 
0.3 0.8000000000000002 0.009421311166580024 
0.3 0.8500000000000002 0.009183348038164086 
0.3 0.9000000000000002 0.009407709512809512 
0.3 0.9500000000000003 0.00935294311633749 

0.35 0.0 0.0 
0.35 0.05 3.583681766005458E-5 
0.35 0.1 2.626893555133135E-4 
0.35 0.15000000000000002 6.80602451876277E-4 
0.35 0.2 0.0016424134307475692 
0.35 0.25 0.0027676991725980628 
0.35 0.3 0.015108056612202065 
0.35 0.35 0.008737433563552484 
0.35 0.39999999999999997 0.008838821810629095 
0.35 0.44999999999999996 0.008902489507853164 
0.35 0.49999999999999994 0.008962902335594197 
0.35 0.5499999999999999 0.009007337864074495 
0.35 0.6 0.009211149960646448 
0.35 0.65 0.009405700537299382 
0.35 0.7000000000000001 0.009461030123609533 
0.35 0.7500000000000001 0.009611357184988751 
0.35 0.8000000000000002 0.009561043557587735 
0.35 0.8500000000000002 0.00976604005713921 
0.35 0.9000000000000002 0.009873036845880132 
0.35 0.9500000000000003 0.0098951690738513 

0.39999999999999997 0.0 2.235508890610816E-6 
0.39999999999999997 0.05 2.279561361314935E-5 
0.39999999999999997 0.1 2.2568362257815696E-4 
0.39999999999999997 0.15000000000000002 0.001841169312556561 
0.39999999999999997 0.2 0.009510104310679232 
0.39999999999999997 0.25 0.007969714298518778 
0.39999999999999997 0.3 0.008587986227138172 
0.39999999999999997 0.35 0.008553857861222433 
0.39999999999999997 0.39999999999999997 0.008891488995664831 
0.39999999999999997 0.44999999999999996 0.0091824237866422 
0.39999999999999997 0.49999999999999994 0.009272875700132346 
0.39999999999999997 0.5499999999999999 0.009523440319022431 
0.39999999999999997 0.6 0.009789219121049046 
0.39999999999999997 0.65 0.00993253238594021 
0.39999999999999997 0.7000000000000001 0.010101754995531058 
0.39999999999999997 0.7500000000000001 0.010273385147909746 
0.39999999999999997 0.8000000000000002 0.010462139238097412 
0.39999999999999997 0.8500000000000002 0.010547224723940884 
0.39999999999999997 0.9000000000000002 0.010712785442523597 
0.39999999999999997 0.9500000000000003 0.01081961674911055 

0.44999999999999996 0.0 0.0 
0.44999999999999996 0.05 2.2355088906108155E-5 
0.44999999999999996 0.1 6.292777129376186E-4 
0.44999999999999996 0.15000000000000002 0.007825977789387943 
0.44999999999999996 0.2 0.007923977063160588 
0.44999999999999996 0.25 0.008120662139871608 
0.44999999999999996 0.3 0.00842626497565672 
0.44999999999999996 0.35 0.00895426959611598 
0.44999999999999996 0.39999999999999997 0.009200852910335993 
0.44999999999999996 0.44999999999999996 0.009562909644946752 
0.44999999999999996 0.49999999999999994 0.009805257904692867 
0.44999999999999996 0.5499999999999999 0.010110662561732237 
0.44999999999999996 0.6 0.01043663993330313 
0.44999999999999996 0.65 0.010700831929216016 
0.44999999999999996 0.7000000000000001 0.01084064000405829 
0.44999999999999996 0.7500000000000001 0.011039026658180297 
0.44999999999999996 0.8000000000000002 0.011165096237381518 
0.44999999999999996 0.8500000000000002 0.011327971133427112 
0.44999999999999996 0.9000000000000002 0.011515162229758766 
0.44999999999999996 0.9500000000000003 0.011756808153594813 

0.49999999999999994 0.0 2.235508890610816E-6 
0.49999999999999994 0.05 4.8327942228073396E-5 
0.49999999999999994 0.1 0.007160736340453927 
0.49999999999999994 0.15000000000000002 0.007576909704984449 
0.49999999999999994 0.2 0.007897268716305122 
0.49999999999999994 0.25 0.008504979703090962 
0.49999999999999994 0.3 0.008853341571265765 
0.49999999999999994 0.35 0.009233067732340283 
0.49999999999999994 0.39999999999999997 0.009738491671719631 
0.49999999999999994 0.44999999999999996 0.010067315608417823 
0.49999999999999994 0.49999999999999994 0.010332741816054881 
0.49999999999999994 0.5499999999999999 0.010664009216061024 
0.49999999999999994 0.6 0.010973812718931364 
0.49999999999999994 0.65 0.011230184517504592 
0.49999999999999994 0.7000000000000001 0.011410416195314362 
0.49999999999999994 0.7500000000000001 0.011718647747913855 
0.49999999999999994 0.8000000000000002 0.011958187721817363 
0.49999999999999994 0.8500000000000002 0.012065566944722503 
0.49999999999999994 0.9000000000000002 0.012264302569272738 
0.49999999999999994 0.9500000000000003 0.01224760206692867 

0.5499999999999999 0.0 2.235508890610816E-6 
0.5499999999999999 0.05 4.694568670282713E-5 
0.5499999999999999 0.1 0.007329401332816734 
0.5499999999999999 0.15000000000000002 0.007833031641547271 
0.5499999999999999 0.2 0.008316508118041492 
0.5499999999999999 0.25 0.00878035821464264 
0.5499999999999999 0.3 0.009147913913979615 
0.5499999999999999 0.35 0.009692387107429461 
0.5499999999999999 0.39999999999999997 0.010139346940985824 
0.5499999999999999 0.44999999999999996 0.010454810435381805 
0.5499999999999999 0.49999999999999994 0.01087543707443713 
0.5499999999999999 0.5499999999999999 0.011214863552337593 
0.5499999999999999 0.6 0.01148448318387457 
0.5499999999999999 0.65 0.011766882624461733 
0.5499999999999999 0.7000000000000001 0.011965844347062377 
0.5499999999999999 0.7500000000000001 0.012159216645724717 
0.5499999999999999 0.8000000000000002 0.012460302127563834 
0.5499999999999999 0.8500000000000002 0.012611891471832792 
0.5499999999999999 0.9000000000000002 0.012768431931926451 
0.5499999999999999 0.9500000000000003 0.01297008847068388 

0.6 0.0 0.0 
0.6 0.05 6.020930160697764E-5 
0.6 0.1 0.0077904139812965 
0.6 0.15000000000000002 0.008026848327801974 
0.6 0.2 0.008457422701983 
0.6 0.25 0.008835001024904258 
0.6 0.3 0.009375020319976432 
0.6 0.35 0.00997632601097998 
0.6 0.39999999999999997 0.010460467178362643 
0.6 0.44999999999999996 0.01076658455024073 
0.6 0.49999999999999994 0.011212614547902408 
0.6 0.5499999999999999 0.011526438782238043 
0.6 0.6 0.011912908964244021 
0.6 0.65 0.012179611864820729 
0.6 0.7000000000000001 0.012493567704623846 
0.6 0.7500000000000001 0.01266585346895045 
0.6 0.8000000000000002 0.012920166961377506 
0.6 0.8500000000000002 0.013081468342633976 
0.6 0.9000000000000002 0.013347021192378662 
0.6 0.9500000000000003 0.013534987118463635 

0.65 0.0 0.0 
0.65 0.05 4.299755807019743E-5 
0.65 0.1 0.007983566756780998 
0.65 0.15000000000000002 0.008071395418388798 
0.65 0.2 0.008653624112328874 
0.65 0.25 0.008983070697706977 
0.65 0.3 0.009671718626488496 
0.65 0.35 0.01018806161935868 
0.65 0.39999999999999997 0.01067853592774371 
0.65 0.44999999999999996 0.011186591398175062 
0.65 0.49999999999999994 0.011574339192809913 
0.65 0.5499999999999999 0.01197829083969543 
0.65 0.6 0.012296766013475381 
0.65 0.65 0.012596221722270647 
0.65 0.7000000000000001 0.01286400732421995 
0.65 0.7500000000000001 0.013138006268475912 
0.65 0.8000000000000002 0.013327842285156474 
0.65 0.8500000000000002 0.01358621433651922 
0.65 0.9000000000000002 0.01380806039159201 
0.65 0.9500000000000003 0.014036799684308843 

0.7000000000000001 0.0 2.235508890610816E-6 
0.7000000000000001 0.05 2.4590597796718977E-5 
0.7000000000000001 0.1 0.008471351570881585 
0.7000000000000001 0.15000000000000002 0.008258812039116778 
0.7000000000000001 0.2 0.008556010119209586 
0.7000000000000001 0.25 0.00928606556890934 
0.7000000000000001 0.3 0.00968959083966825 
0.7000000000000001 0.35 0.010447167997939766 
0.7000000000000001 0.39999999999999997 0.010923268430191983 
0.7000000000000001 0.44999999999999996 0.011502347073449534 
0.7000000000000001 0.49999999999999994 0.011793460534435495 
0.7000000000000001 0.5499999999999999 0.012290919147010505 
0.7000000000000001 0.6 0.012650444139925526 
0.7000000000000001 0.65 0.012998865376540372 
0.7000000000000001 0.7000000000000001 0.013273756694213457 
0.7000000000000001 0.7500000000000001 0.01349104378605899 
0.7000000000000001 0.8000000000000002 0.01379457917800229 
0.7000000000000001 0.8500000000000002 0.013929446112465249 
0.7000000000000001 0.9000000000000002 0.014132214405381089 
0.7000000000000001 0.9500000000000003 0.014369950365597385 

0.7500000000000001 0.0 4.471017781221632E-6 
0.7500000000000001 0.05 5.5931297142118924E-5 
0.7500000000000001 0.1 0.008729597274644566 
0.7500000000000001 0.15000000000000002 0.008329253686704497 
0.7500000000000001 0.2 0.008818856925788482 
0.7500000000000001 0.25 0.009366052703261338 
0.7500000000000001 0.3 0.00998390345892599 
0.7500000000000001 0.35 0.010794524766629227 
0.7500000000000001 0.39999999999999997 0.01113258846349117 
0.7500000000000001 0.44999999999999996 0.011674256336069012 
0.7500000000000001 0.49999999999999994 0.012164789761358949 
0.7500000000000001 0.5499999999999999 0.012566776575480918 
0.7500000000000001 0.6 0.01292328769613045 
0.7500000000000001 0.65 0.013223976744441835 
0.7500000000000001 0.7000000000000001 0.013489484493373947 
0.7500000000000001 0.7500000000000001 0.013791992256007366 
0.7500000000000001 0.8000000000000002 0.014180738688793524 
0.7500000000000001 0.8500000000000002 0.01428208848446033 
0.7500000000000001 0.9000000000000002 0.014532585546883846 
0.7500000000000001 0.9500000000000003 0.014720032823022778 

0.8000000000000002 0.0 2.235508890610816E-6 
0.8000000000000002 0.05 1.1337896630327867E-4 
0.8000000000000002 0.1 0.008630949095984388 
0.8000000000000002 0.15000000000000002 0.008250084207900393 
0.8000000000000002 0.2 0.009133801407954691 
0.8000000000000002 0.25 0.009494115524365047 
0.8000000000000002 0.3 0.010196925702243993 
0.8000000000000002 0.35 0.010855341247064249 
0.8000000000000002 0.39999999999999997 0.01147177748988681 
0.8000000000000002 0.44999999999999996 0.011800937281009413 
0.8000000000000002 0.49999999999999994 0.012393595503231257 
0.8000000000000002 0.5499999999999999 0.012752736154925184 
0.8000000000000002 0.6 0.013188528462157506 
0.8000000000000002 0.65 0.01350082887374422 
0.8000000000000002 0.7000000000000001 0.0138234271984151 
0.8000000000000002 0.7500000000000001 0.014088516280185282 
0.8000000000000002 0.8000000000000002 0.01434756902672356 
0.8000000000000002 0.8500000000000002 0.01460967584435605 
0.8000000000000002 0.9000000000000002 0.014834934755412534 
0.8000000000000002 0.9500000000000003 0.015116994378506318 

0.8500000000000002 0.0 0.0 
0.8500000000000002 0.05 5.6064048194899376E-5 
0.8500000000000002 0.1 0.009030848818219353 
0.8500000000000002 0.15000000000000002 0.008584561048617592 
0.8500000000000002 0.2 0.008900397178634457 
0.8500000000000002 0.25 0.009655546890783977 
0.8500000000000002 0.3 0.01029665404099771 
0.8500000000000002 0.35 0.011043011835115411 
0.8500000000000002 0.39999999999999997 0.011502048162731532 
0.8500000000000002 0.44999999999999996 0.012121542853973257 
0.8500000000000002 0.49999999999999994 0.012540417841529875 
0.8500000000000002 0.5499999999999999 0.013021681772233092 
0.8500000000000002 0.6 0.013416482844251561 
0.8500000000000002 0.65 0.013698694104182162 
0.8500000000000002 0.7000000000000001 0.014118379027316249 
0.8500000000000002 0.7500000000000001 0.014375375041959291 
0.8500000000000002 0.8000000000000002 0.014649791719957617 
0.8500000000000002 0.8500000000000002 0.014899470412680882 
0.8500000000000002 0.9000000000000002 0.015068095805288154 
0.8500000000000002 0.9500000000000003 0.015336099744074476 

0.9000000000000002 0.0 2.235508890610816E-6 
0.9000000000000002 0.05 5.5931297142118924E-5 
0.9000000000000002 0.1 0.008883308341912194 
0.9000000000000002 0.15000000000000002 0.008657780601143479 
0.9000000000000002 0.2 0.008988477432816947 
0.9000000000000002 0.25 0.009740491322171564 
0.9000000000000002 0.3 0.010437229804886825 
0.9000000000000002 0.35 0.011043143503432952 
0.9000000000000002 0.39999999999999997 0.011691869595584404 
0.9000000000000002 0.44999999999999996 0.012291849366166745 
0.9000000000000002 0.49999999999999994 0.012731650805778741 
0.9000000000000002 0.5499999999999999 0.013335380153541751 
0.9000000000000002 0.6 0.013595902345860184 
0.9000000000000002 0.65 0.013969320550397077 
0.9000000000000002 0.7000000000000001 0.014349074102427486 
0.9000000000000002 0.7500000000000001 0.014603319519922135 
0.9000000000000002 0.8000000000000002 0.01489517061033872 
0.9000000000000002 0.8500000000000002 0.01514616511725826 
0.9000000000000002 0.9000000000000002 0.015362095585910824 
0.9000000000000002 0.9500000000000003 0.015577202261989175 

0.9500000000000003 0.0 4.471017781221632E-6 
0.9500000000000003 0.05 0.012693280869814883 
0.9500000000000003 0.1 0.009348119597010145 
0.9500000000000003 0.15000000000000002 0.008668439328393125 
0.9500000000000003 0.2 0.009201707984936275 
0.9500000000000003 0.25 0.00986429253405692 
0.9500000000000003 0.3 0.010573978076392727 
0.9500000000000003 0.35 0.01132006551041792 
0.9500000000000003 0.39999999999999997 0.01178512052111184 
0.9500000000000003 0.44999999999999996 0.012414299087752644 
0.9500000000000003 0.49999999999999994 0.0129640886990634 
0.9500000000000003 0.5499999999999999 0.013379041777996478 
0.9500000000000003 0.6 0.01378594751180478 
0.9500000000000003 0.65 0.014196992542074627 
0.9500000000000003 0.7000000000000001 0.014458002473061298 
0.9500000000000003 0.7500000000000001 0.014846001069317463 
0.9500000000000003 0.8000000000000002 0.015121101275264745 
0.9500000000000003 0.8500000000000002 0.01533806849243391 
0.9500000000000003 0.9000000000000002 0.015639437252977 
0.9500000000000003 0.9500000000000003 0.01578002968748527 

0.0 0.0 0.0 
0.0 0.0 0.0 
0.0 0.0 0.0 
0.0 0.0 0.0 
0.0 0.0 0.0 
0.0 0.0 0.0 
0.0 0.0 0.0 
0.0 0.0 0.0 
0.0 0.0 0.0 
0.0 0.0 0.0 
0.0 0.0 0.0 
0.0 0.0 0.0 
0.0 0.0 0.0 
0.0 0.0 0.0 
0.0 0.0 0.0 
0.0 0.0 0.0 
0.0 0.0 0.0 
0.0 0.0 0.0 
0.0 0.0 0.0 
0.0 0.0 0.0 

0.0 0.0 0.0 
0.0 0.0 0.0 
0.0 0.0 0.0 
0.0 0.0 0.0 
0.0 0.0 0.0 
0.0 0.0 0.0 
0.0 0.0 0.0 
0.0 0.0 0.0 
0.0 0.0 0.0 
0.0 0.0 0.0 
0.0 0.0 0.0 
0.0 0.0 0.0 
0.0 0.0 0.0 
0.0 0.0 0.0 
0.0 0.0 0.0 
0.0 0.0 0.0 
0.0 0.0 0.0 
0.0 0.0 0.0 
0.0 0.0 0.0 
0.0 0.0 0.0 

0.0 0.0 0.0 
0.0 0.0 0.0 
0.0 0.0 0.0 
0.0 0.0 0.0 
0.0 0.0 0.0 
0.0 0.0 0.0 
0.0 0.0 0.0 
0.0 0.0 0.0 
0.0 0.0 0.0 
0.0 0.0 0.0 
0.0 0.0 0.0 
0.0 0.0 0.0 
0.0 0.0 0.0 
0.0 0.0 0.0 
0.0 0.0 0.0 
0.0 0.0 0.0 
0.0 0.0 0.0 
0.0 0.0 0.0 
0.0 0.0 0.0 
0.0 0.0 0.0 

