0.0 0.0 0.0 
0.0 0.1 0.0 
0.0 0.2 0.0 
0.0 0.30000000000000004 0.0 
0.0 0.4 0.0 
0.0 0.5 9.9498743710662E-6 
0.0 0.6 0.0 
0.0 0.7 0.0 
0.0 0.7999999999999999 0.0 
0.0 0.8999999999999999 0.0 

0.0 0.9999999999999999 0.0 
0.1 0.0 0.0 
0.1 0.1 5.9699246226397194E-5 
0.1 0.2 3.97994974842648E-5 
0.1 0.30000000000000004 2.188972361634564E-4 
0.1 0.4 8.95488693395958E-5 
0.1 0.5 9.9498743710662E-5 
0.1 0.6 1.3955285736952863E-4 
0.1 0.7 2.1739135217390776E-4 
0.1 0.7999999999999999 3.119358908493859E-4 

0.1 0.8999999999999999 3.1845093813647336E-4 
0.1 0.9999999999999999 2.786736442507615E-4 
0.2 0.0 9.9498743710662E-6 
0.2 0.1 1.1315476127852509E-4 
0.2 0.2 6.069093836809578E-4 
0.2 0.30000000000000004 0.001547320264198721 
0.2 0.4 0.002110767395996063 
0.2 0.5 0.0022810460319774347 
0.2 0.6 0.003170702761218718 
0.2 0.7 0.003340817115617076 

0.2 0.7999999999999999 0.003891295928093879 
0.2 0.8999999999999999 0.004009531643471591 
0.2 0.9999999999999999 0.004489284464143479 
0.30000000000000004 0.0 9.9498743710662E-6 
0.30000000000000004 0.1 2.4153467659944814E-4 
0.30000000000000004 0.2 0.0031535724187023197 
0.30000000000000004 0.30000000000000004 0.00825196000959772 
0.30000000000000004 0.4 0.014322744150476192 
0.30000000000000004 0.5 0.017484159573739878 
0.30000000000000004 0.6 0.015058118607581876 

0.30000000000000004 0.7 0.016495948714760233 
0.30000000000000004 0.7999999999999999 0.01725249115345402 
0.30000000000000004 0.8999999999999999 0.01885778417524169 
0.30000000000000004 0.9999999999999999 0.020019657739331696 
0.4 0.0 9.9498743710662E-6 
0.4 0.1 0.0010977449612728813 
0.4 0.2 0.009718273303421659 
0.4 0.30000000000000004 0.016836896715250408 
0.4 0.4 0.022893640405142943 
0.4 0.5 0.027355222006045003 

0.4 0.6 0.03086676806858805 
0.4 0.7 0.033772453331080844 
0.4 0.7999999999999999 0.035767931041646564 
0.4 0.8999999999999999 0.03765621138670228 
0.4 0.9999999999999999 0.03927407616991153 
0.5 0.0 0.0 
0.5 0.1 0.008424783914142867 
0.5 0.2 0.016848107638544992 
0.5 0.30000000000000004 0.025113516261169783 
0.5 0.4 0.031618577387351784 

0.5 0.5 0.03637234421920124 
0.5 0.6 0.039850591902755424 
0.5 0.7 0.04259290404515768 
0.5 0.7999999999999999 0.04496666116135372 
0.5 0.8999999999999999 0.047028435270588295 
0.5 0.9999999999999999 0.04861560304058684 
0.6 0.0 9.9498743710662E-6 
0.6 0.1 0.01175221868414641 
0.6 0.2 0.020612270593022397 
0.6 0.30000000000000004 0.02979075928874613 

0.6 0.4 0.036647608707800115 
0.6 0.5 0.041548533776776794 
0.6 0.6 0.04546206942056209 
0.6 0.7 0.048547334623024185 
0.6 0.7999999999999999 0.05110285827622499 
0.6 0.8999999999999999 0.05303120907541198 
0.6 0.9999999999999999 0.05485207821040208 
0.7 0.0 0.0 
0.7 0.1 0.013095354290739923 
0.7 0.2 0.023526554762650417 

0.7 0.30000000000000004 0.03312637317908562 
0.7 0.4 0.040095035902215886 
0.7 0.5 0.04523913415396051 
0.7 0.6 0.04949016543718516 
0.7 0.7 0.05277075564173889 
0.7 0.7999999999999999 0.05529506665155612 
0.7 0.8999999999999999 0.057472164566857005 
0.7 0.9999999999999999 0.059453111306305845 
0.7999999999999999 0.0 1.98997487421324E-5 
0.7999999999999999 0.1 0.014004665615429693 

0.7999999999999999 0.2 0.025670019477982964 
0.7999999999999999 0.30000000000000004 0.03546334021211192 
0.7999999999999999 0.4 0.042702726798180025 
0.7999999999999999 0.5 0.04815320068281996 
0.7999999999999999 0.6 0.05238701567182589 
0.7999999999999999 0.7 0.05576135349863794 
0.7999999999999999 0.7999999999999999 0.05873303515909853 
0.7999999999999999 0.8999999999999999 0.06084364341490453 
0.7999999999999999 0.9999999999999999 0.06280932633773458 
0.8999999999999999 0.0 0.0 

0.8999999999999999 0.1 0.014766647385239412 
0.8999999999999999 0.2 0.026645262449448884 
0.8999999999999999 0.30000000000000004 0.03728809118203752 
0.8999999999999999 0.4 0.044627523738159675 
0.8999999999999999 0.5 0.05036016341315673 
0.8999999999999999 0.6 0.05492116731279581 
0.8999999999999999 0.7 0.05830632325057005 
0.8999999999999999 0.7999999999999999 0.061195266769579856 
0.8999999999999999 0.8999999999999999 0.06366105386340819 
0.8999999999999999 0.9999999999999999 0.06562847567177059 

0.9999999999999999 0.0 9.9498743710662E-6 
0.9999999999999999 0.1 0.016185396009983814 
0.9999999999999999 0.2 0.028083330215628106 
0.9999999999999999 0.30000000000000004 0.038584157837122574 
0.9999999999999999 0.4 0.046372204433260136 
0.9999999999999999 0.5 0.05212248186723192 
0.9999999999999999 0.6 0.05677965124936806 
0.9999999999999999 0.7 0.06039702373461765 
0.9999999999999999 0.7999999999999999 0.06347678649711215 
0.9999999999999999 0.8999999999999999 0.06577820155644283 

0.9999999999999999 0.9999999999999999 0.06802262156077059 
0.0 0.0 0.0 
0.0 0.0 0.0 
0.0 0.0 0.0 
0.0 0.0 0.0 
0.0 0.0 0.0 
0.0 0.0 0.0 
0.0 0.0 0.0 
0.0 0.0 0.0 
0.0 0.0 0.0 

