0.0 0.0 0.0 
0.0 0.1 0.0 
0.0 0.2 0.0 
0.0 0.30000000000000004 0.0 
0.0 0.4 0.0 
0.0 0.5 0.0 
0.0 0.6 0.0 
0.0 0.7 0.0 
0.0 0.7999999999999999 0.0 
0.0 0.8999999999999999 0.0 
0.0 0.9999999999999999 0.0 
0.1 0.0 0.0 
0.1 0.1 5.99999699999925E-7 
0.1 0.2 7.615766540539436E-7 
0.1 0.30000000000000004 1.2999993499998374E-6 
0.1 0.4 1.8601057066736825E-6 
0.1 0.5 1.5999991999998E-6 
0.1 0.6 2.6305875769493017E-6 
0.1 0.7 2.4999987499996876E-6 
0.1 0.7999999999999999 2.2999988499997127E-6 
0.1 0.8999999999999999 2.6019209653638597E-6 
0.1 0.9999999999999999 2.621065872884541E-6 
0.2 0.0 0.0 
0.2 0.1 1.2999993499998374E-6 
0.2 0.2 1.029659317444367E-5 
0.2 0.30000000000000004 1.4919102641915164E-5 
0.2 0.4 1.7209866564270625E-5 
0.2 0.5 2.3827902630109935E-5 
0.2 0.6 2.7351385752096728E-5 
0.2 0.7 3.1560057560784E-5 
0.2 0.7999999999999999 3.8551861739609924E-5 
0.2 0.8999999999999999 4.4828604777641695E-5 
0.2 0.9999999999999999 4.7527915565381154E-5 
0.30000000000000004 0.0 9.99999499999875E-8 
0.30000000000000004 0.1 4.371487388749966E-6 
0.30000000000000004 0.2 3.300054553730892E-5 
0.30000000000000004 0.30000000000000004 6.270474567933436E-5 
0.30000000000000004 0.4 1.396484798914761E-4 
0.30000000000000004 0.5 2.3722510754452207E-4 
0.30000000000000004 0.6 7.359042872546334E-4 
0.30000000000000004 0.7 0.0011580128099032408 
0.30000000000000004 0.7999999999999999 0.0014454118393999373 
0.30000000000000004 0.8999999999999999 0.0017029751279466151 
0.30000000000000004 0.9999999999999999 0.0018564953156350811 
0.4 0.0 9.99999499999875E-8 
0.4 0.1 1.1665727543106773E-5 
0.4 0.2 5.611040145642873E-4 
0.4 0.30000000000000004 0.0015517556829214446 
0.4 0.4 0.0021892468313643855 
0.4 0.5 0.002676478642775175 
0.4 0.6 0.003058345958732797 
0.4 0.7 0.0033200061935754737 
0.4 0.7999999999999999 0.00353875849026638 
0.4 0.8999999999999999 0.003721078510998854 
0.4 0.9999999999999999 0.003877947206151132 
0.5 0.0 9.99999499999875E-8 
0.5 0.1 3.5778568088215887E-4 
0.5 0.2 0.001524068673742857 
0.5 0.30000000000000004 0.00243831433680339 
0.5 0.4 0.0031081499244571824 
0.5 0.5 0.0035830695908169565 
0.5 0.6 0.003954211551189965 
0.5 0.7 0.004254121406730931 
0.5 0.7999999999999999 0.004490587213166809 
0.5 0.8999999999999999 0.004688075013069987 
0.5 0.9999999999999999 0.004845477056195634 
0.6 0.0 9.99999499999875E-8 
0.6 0.1 7.581584179398854E-4 
0.6 0.2 0.0019887603272486206 
0.6 0.30000000000000004 0.002927370116163865 
0.6 0.4 0.0036322817119621535 
0.6 0.5 0.004135211433460174 
0.6 0.6 0.00454365694575107 
0.6 0.7 0.004837635009705091 
0.6 0.7999999999999999 0.005096594209562479 
0.6 0.8999999999999999 0.005301114318035648 
0.6 0.9999999999999999 0.005479128810319597 
0.7 0.0 0.0 
0.7 0.1 9.842875938891032E-4 
0.7 0.2 0.00225154194113584 
0.7 0.30000000000000004 0.0032548988504126747 
0.7 0.4 0.003975277305732513 
0.7 0.5 0.00452723826736031 
0.7 0.6 0.004945831766903699 
0.7 0.7 0.005268972259636384 
0.7 0.7999999999999999 0.005528095993938961 
0.7 0.8999999999999999 0.0057510967697735485 
0.7 0.9999999999999999 0.005932269760469847 
0.7999999999999999 0.0 2.999998499999625E-7 
0.7999999999999999 0.1 0.0011223270992100252 
0.7999999999999999 0.2 0.0024733566452584213 
0.7999999999999999 0.30000000000000004 0.003495002982679744 
0.7999999999999999 0.4 0.004247687157985511 
0.7999999999999999 0.5 0.004808916478013058 
0.7999999999999999 0.6 0.005237459111669429 
0.7999999999999999 0.7 0.005588503140194018 
0.7999999999999999 0.7999999999999999 0.005859901533391697 
0.7999999999999999 0.8999999999999999 0.006093830058624316 
0.7999999999999999 0.9999999999999999 0.006290056118850086 
0.8999999999999999 0.0 0.0 
0.8999999999999999 0.1 0.001220836065111954 
0.8999999999999999 0.2 0.002615677644728414 
0.8999999999999999 0.30000000000000004 0.0036785615230073166 
0.8999999999999999 0.4 0.004450660030605338 
0.8999999999999999 0.5 0.005041676532398697 
0.8999999999999999 0.6 0.0054774188216035104 
0.8999999999999999 0.7 0.005843129986026597 
0.8999999999999999 0.7999999999999999 0.006126749940025401 
0.8999999999999999 0.8999999999999999 0.006363676742766593 
0.8999999999999999 0.9999999999999999 0.006578652818217553 
0.9999999999999999 0.0 9.99999499999875E-8 
0.9999999999999999 0.1 0.0012969735591155129 
0.9999999999999999 0.2 0.0027319820210187154 
0.9999999999999999 0.30000000000000004 0.0038228620728656152 
0.9999999999999999 0.4 0.004618207729147638 
0.9999999999999999 0.5 0.00521293170517104 
0.9999999999999999 0.6 0.00567487530329502 
0.9999999999999999 0.7 0.006051213270454941 
0.9999999999999999 0.7999999999999999 0.006352152586705578 
0.9999999999999999 0.8999999999999999 0.006599645798743309 
0.9999999999999999 0.9999999999999999 0.00681422993287096 
0.0 0.0 0.0 
0.0 0.0 0.0 
0.0 0.0 0.0 
0.0 0.0 0.0 
0.0 0.0 0.0 
0.0 0.0 0.0 
0.0 0.0 0.0 
0.0 0.0 0.0 
0.0 0.0 0.0 
0.0 0.0 0.0 
0.0 0.0 0.0 
0.0 0.0 0.0 
0.0 0.0 0.0 
0.0 0.0 0.0 
0.0 0.0 0.0 
0.0 0.0 0.0 
0.0 0.0 0.0 
0.0 0.0 0.0 
0.0 0.0 0.0 
0.0 0.0 0.0 
0.0 0.0 0.0 
0.0 0.0 0.0 
0.0 0.0 0.0 
0.0 0.0 0.0 
0.0 0.0 0.0 
0.0 0.0 0.0 
0.0 0.0 0.0 
0.0 0.0 0.0 
0.0 0.0 0.0 
0.0 0.0 0.0 
0.0 0.0 0.0 
0.0 0.0 0.0 
0.0 0.0 0.0 
0.0 0.0 0.0 
0.0 0.0 0.0 
0.0 0.0 0.0 
0.0 0.0 0.0 
0.0 0.0 0.0 
0.0 0.0 0.0 
0.0 0.0 0.0 
0.0 0.0 0.0 
0.0 0.0 0.0 
0.0 0.0 0.0 
0.0 0.0 0.0 
0.0 0.0 0.0 
0.0 0.0 0.0 
0.0 0.0 0.0 
0.0 0.0 0.0 
0.0 0.0 0.0 
0.0 0.0 0.0 
0.0 0.0 0.0 
0.0 0.0 0.0 
0.0 0.0 0.0 
0.0 0.0 0.0 
0.0 0.0 0.0 
0.0 0.0 0.0 
0.0 0.0 0.0 
0.0 0.0 0.0 
0.0 0.0 0.0 
0.0 0.0 0.0 
0.0 0.0 0.0 
0.0 0.0 0.0 
0.0 0.0 0.0 
0.0 0.0 0.0 
0.0 0.0 0.0 
0.0 0.0 0.0 
0.0 0.0 0.0 
0.0 0.0 0.0 
0.0 0.0 0.0 
0.0 0.0 0.0 
0.0 0.0 0.0 
0.0 0.0 0.0 
0.0 0.0 0.0 
0.0 0.0 0.0 
0.0 0.0 0.0 
0.0 0.0 0.0 
0.0 0.0 0.0 
0.0 0.0 0.0 
0.0 0.0 0.0 
