0.1832
0.1766
0.1713
0.1716
0.1696
0.1715
0.1712
0.1719
0.175
0.1723
0.177
0.1831
0.1785
0.174
0.1814
0.1845
0.1784
0.178
0.1755
0.176
0.1809
0.1839
0.1826
0.1809
0.1816
0.1846
0.1815
0.1776
0.1754
0.1745
0.172
0.1736
0.1704
0.1654
0.1646
0.1618
0.1658
0.1652
0.1676
0.1672
0.167
0.1657
0.1683
0.1801
0.1742
0.1795
0.1824
0.1798
0.1825
0.1822
0.1856
0.1779
0.179
0.166
0.1684
0.164
0.1619
0.1658
0.1681
0.1732
0.1741
0.1754
0.1745
0.1768
0.1741
0.1705
0.1764
0.183
0.1851
0.1821
0.1841
0.1783
0.1744
0.172
0.1734
0.1719
0.1751
0.1795
0.175
0.1718
0.1813
0.1833
0.1855
0.1819
0.1806
0.1835
0.1838
0.1858
0.1858
0.1793
0.1713
0.1729
0.1811
0.1839
0.1805
0.1763
0.1786
0.1844
0.1834
0.187
0.1895
0.1917
0.1855
0.1855
0.1869
0.1833
0.185
0.187
0.1879
0.1777
0.167
0.1712
0.1762
0.1757
0.1762
0.1843
0.1817
0.18
0.1892
0.1862
0.1887
0.1877
0.1912
0.1851
0.1794
0.1827
0.179
0.1845
0.1834
0.1855
0.1876
0.1877
0.1796
0.1833
0.1833
0.185
0.1808
0.1831
0.18
0.1808
0.1802
0.1724
0.1739
0.1724
0.1683
0.1695
0.163
0.1678
0.1625
0.172
0.1648
0.1718
0.1738
0.1744
0.175
0.1782
0.1813
0.1827
0.1832
0.1824
0.1754
0.1777
0.1828
0.1894
0.19
0.193
0.1933
0.1873
0.1892
0.1838
0.1821
0.1855
0.1841
0.1756
0.1788
0.1806
0.1808
0.1756
0.1827
0.1752
0.1806
0.1826
0.1807
0.1817
0.1871
0.185
0.1853
0.1859
0.1882
0.1857
0.1831
0.1899
0.1871
0.1874
0.1813
0.1811
0.1797
0.1741
0.1699
0.17
0.17
0.1709
0.1735
0.1746
0.1757
0.1718
0.177
0.1735
0.1811
0.1777
0.1783
0.179
0.1769
0.1747
0.1809
0.1861
0.1845
0.187
0.1862
0.1798
0.1808
0.1768
0.1763
0.1774
0.1748
0.1791
0.1752
0.1732
0.1767
0.1713
0.1728
0.1746
0.1754
0.1706
0.1625
0.1699
0.1801
0.1838
0.1937
0.1892
0.1948
0.1914
0.185
0.1871
0.182
0.1797
0.1821
0.1864
0.1922
0.1868
0.1849
0.1886
0.1839
0.1799
0.1801
0.1819
0.1817
0.1816
0.1766
0.1777
0.1766
0.1712
0.1735
0.1734
0.1754
0.1766
0.1754
0.1705
0.169
0.1754
0.1732
0.1749
0.1725
0.1809
0.1738
0.175
0.1694
0.1705
0.1661
0.1682
0.178
0.1763
0.1783
0.1781
0.1763
0.1763
0.1763
0.1782
0.1778
0.1781
0.181
0.1783
0.1721
0.1767
0.1824
0.1802
0.1824
0.1829
0.1875
0.1852
0.1787
0.1798
0.179
0.1796
0.1788
0.1749
0.1754
0.1737
0.1775
0.1711
0.1803
0.184
0.1797
0.178
0.176
0.173
0.1691
0.1629
0.1641
0.1659
0.1649
0.1692
0.1708
0.1731
0.1632
0.1667
0.1723
0.1716
0.1742
0.1791
0.1714
0.1751
0.1729
0.1709
0.1678
0.1684
0.1754
0.1776
0.1768
0.1828
0.1749
0.1677
0.1767
0.1716
0.1752
0.1747
0.1715
0.1645
0.1692
0.1656
0.1643
0.1645
0.1693
0.1747
0.1745
0.1755
0.1732
0.1721
0.1684
0.1682
0.166
0.1649
0.1625
0.1613
0.1647
0.1694
0.174
0.1749
0.1727
0.1765
0.1762
0.1763
0.1817
0.1843
0.1864
0.1803
0.1688
0.1714
0.1742
0.1783
0.1826
0.1859
0.182
0.1846
0.1844
0.182
0.1839
0.1841
0.1814
0.1873
0.1905
0.1854
0.1804
0.1828
0.1792
0.1865
0.1846
0.1766
0.1761
0.1698
0.1758
0.1698
0.1741
0.1743
0.1793
0.1764
0.1739
0.1739
0.1784
0.172
0.1703
0.1707
0.1712
0.1757
0.1763
0.173
0.1735
0.1738
0.1697
0.1736
0.1758
0.1763
0.1803
0.1845
0.1874
0.1825
0.1814
0.1872
0.178
0.186
0.1843
0.1876
0.187
0.179
0.1773
0.1785
0.1708
0.1707
0.173
0.1761
0.1734
0.1737
0.1702
0.1791
0.1724
0.1778
0.1764
0.1748
0.1737
0.1715
0.174
0.1753
0.1819
0.1845
0.1855
0.1855
0.1799
0.1827
0.1796
0.1733
0.1729
0.1747
0.1754
0.1687
0.1686
0.1773
0.1761
0.1718
0.1715
0.18
0.1801
0.1898
0.187
0.1815
0.1843
0.187
0.181
0.1803
0.1775
0.1777
0.1821
0.189
0.1852
0.1853
0.1873
0.1828
0.1811
0.1763
0.1698
0.1729
0.1713
0.1737
0.1746
0.1785
0.1746
0.1657
0.1658
0.171
0.1709
0.1726
0.1691
0.1673
0.1704
0.1765
0.1738
0.1718
0.1728
0.1664
0.1749
0.1761
0.1693
0.1704
0.1746
0.1742
0.174
0.1763
0.176
0.1708
0.1681
0.1735
0.1761
0.1838
0.174
0.1724
0.1753
0.1754
0.1762
0.1815
0.1778
0.1835
0.1759
0.1825
0.1792
0.181
0.1741
0.1784
0.1813
0.1807
0.1773
0.1772
0.1766
0.1753
0.1748
0.1771
0.1718
0.1737
0.1767
0.1761
0.1771
0.1811
0.1777
0.1817
0.183
0.1789
0.1744
0.1809
0.1861
0.1844
0.1831
0.1763
0.1749
0.1718
0.177
0.1766
0.1659
0.1682
0.1649
0.1649
0.1708
0.1792
0.1758
0.1779
0.1768
0.1779
0.1786
0.1775
0.1782
0.1748
0.1796
0.1719
0.1719
0.1765
0.179
0.1829
0.1788
0.1772
0.1722
0.1783
0.1827
0.1784
0.1779
0.1781
0.1798
0.1721
0.1699
0.1731
0.1698
0.171
0.1747
0.1717
0.1684
0.1698
0.1668
0.1674
0.1702
0.1748
0.1767
0.1853
0.1779
0.1756
0.1716
0.1747
0.1773
0.1749
0.1715
0.1732
0.178
0.1782
0.1835
0.1797
0.179
0.1832
0.1821
0.1748
0.1716
0.1731
0.167
0.1676
0.1626
0.1679
0.1696
0.1715
0.17
0.1763
0.1762
0.1764
0.1768
0.1755
0.1747
0.1795
0.1792
0.1728
0.1795
0.1826
0.1779
0.1679
0.1659
0.1666
0.1697
0.1728
0.1801
0.1788
0.1773
0.1755
0.1767
0.1763
0.1728
0.177
0.1751
0.1748
0.1826
0.1891
0.197
0.1925
0.1827
0.1835
0.1838
0.183
0.1762
0.1777
0.1808
0.1687
0.1687
0.1708
0.1649
0.1694
0.1771
0.1754
0.1708
0.1683
0.1734
0.177
0.1748
0.1735
0.1781
0.175
0.174
0.1813
0.1848
0.1824
0.1789
0.1776
0.1786
0.1759
0.1765
0.1794
0.1839
0.1831
0.1769
0.1703
0.174
0.1774
0.1778
0.1733
0.1727
0.1789
0.1884
0.1895
0.1864
0.183
0.192
0.1808
0.177
0.1793
0.1829
0.1832
0.1813
0.1801
0.1821
0.1819
0.1827
0.1828
0.1785
0.1794
0.1789
0.1893
0.1896
0.1816
0.1698
0.1663
0.1679
0.1659
0.1654
0.1754
0.176
0.1812
0.1763
0.1851
0.1845
0.1809
0.1875
0.1865
0.1787
0.1782
0.1824
0.1779
0.1823
0.179
0.1834
0.173
0.1722
0.1699
0.1637
0.1695
0.1741
0.1701
0.1708
0.1773
0.1844
0.1897
0.1834
0.1812
0.1779
0.1743
0.1766
0.1713
0.1664
0.1717
0.1752
0.1748
0.178
0.1838
0.1822
0.1837
0.1773
0.1793
0.1687
0.1718
0.182
0.1847
0.178
0.1845
0.1794
0.179
0.1809
0.1762
0.1773
0.181
0.1745
0.1747
0.1731
0.1792
0.1772
0.1784
0.1784
0.1776
0.176
0.181
0.1848
0.1776
0.1792
0.1782
0.1787
0.1774
0.1701
0.1717
0.1712
0.1725
0.1732
0.1827
0.1761
0.1696
0.1685
0.1714
0.1728
0.1731
0.1661
0.1689
0.1671
0.162
0.1654
0.1667
0.1597
0.1648
0.1635
0.1689
0.1695
0.174
0.1717
0.1785
0.1848
0.185
0.1806
0.1768
0.1725
0.1762
0.1775
0.1783
0.183
0.1853
0.183
0.1801
0.1823
0.1858
0.1779
0.1788
0.1813
0.1834
0.1758
0.1798
0.1732
0.1708
0.1714
0.1805
0.1808
0.1812
0.1805
0.1797
0.1783
0.1707
0.1694
0.1711
0.1702
0.163
0.1593
0.1618
0.1663
0.1689
0.1766
0.1792
0.1786
0.1791
0.1793
0.1752
0.1683
0.1715
0.1804
0.1837
0.1807
0.1855
0.1879
0.1898
0.1904
0.1885
0.1814
0.1785
0.1785
0.1768
0.1841
0.1806
0.1896
0.1848
0.1775
0.1709
0.1726
0.174
0.1778
0.1748
0.1752
0.1739
0.1722
0.1748
0.1749
0.1767
0.177
0.1775
0.1749
0.1819
0.184
0.1902
0.184
0.181
0.1792
0.1803
0.1829
0.1831
0.1661
0.1677
0.1702
0.1722
0.1654
0.1705
0.1696
0.1797
0.1818
0.1853
0.183
0.1907
0.1996
0.1978
0.1931
0.1927
0.1906
0.1904
0.1784
0.1844
0.1791
0.1748
0.1713
0.1654
0.1643
0.1705
0.1718
0.1864
0.1891
0.1903
0.1842
0.1795
0.1785
0.1775
0.1776
0.1749
0.1739
0.1784
0.1732
0.1756
0.1759
0.1802
0.1787
0.1793
0.1737
0.1732
0.171
0.174
0.1749
0.1849
0.1828
0.1833
0.1812
0.1756
0.1782
0.1816
0.1861
0.1789
0.182
0.182
0.1775
0.1772
0.1785
0.1711
0.1716
0.1785
0.183
0.1807
0.1839
0.181
0.1772
0.1787
0.1773
0.1855
0.1861
0.1797
0.1692
0.1755
0.1783
0.1717
0.1723
0.1672
0.1682
0.1683
0.1752
0.174
0.1742
0.1671
0.1687
0.1703
0.1661
0.1705
0.1747
0.1782
0.1769
0.1796
0.1754
0.1782
0.1779
0.1863
0.1814
0.1861
0.1843
0.1865
0.1853
0.1836
0.1844
0.1862
0.1916
0.1883
0.1935
0.188
0.184
0.1832
0.185
0.1834
0.1791
0.1822
0.1838
0.1824
0.1814
0.1822
0.1826
0.1814
0.1744
0.1736
0.1813
0.1807
0.1886
0.1904
0.191
0.1797
0.1809
0.1815
0.1859
0.1775
0.175
0.1765
0.1766
0.1735
0.1715
0.1743
0.1712
0.1758
0.1745
0.1839
0.1766
0.1734
0.1736
0.1703
0.175
0.1735
0.1777
0.1744
0.1724
0.174
0.1685
0.1695
0.1677
0.1643
0.1683
0.1835
0.1845
0.1874
0.1826
0.1866
0.1732
0.1709
0.1729
0.1619
0.1685
0.1775
0.1791
0.1802
0.1751
0.1707
0.1816
0.1844
0.1804
0.1804
0.1797
0.1871
0.1897
0.1893
0.1828
0.1777
0.1735
0.1739
0.1712
0.1706
0.1748
0.1815
0.1748
0.1791
0.1785
0.1807
0.1762
0.1757
0.1729
0.1703
0.1718
0.1813
0.1807
0.1758
0.1775
0.1829
0.1849
0.1803
0.184
0.1857
0.1791
0.1813
0.1811
0.1768
0.1703
0.1703
0.1618
0.1713
0.1713
0.1682
0.1641
0.1636
0.1765
0.1801
0.1765
0.1777
0.1722
0.17
0.1805
0.1861
0.1903
0.1857
0.1871
0.1887
0.1956
0.1972
0.1952
0.1964
0.1961
0.1927
0.188
0.1853
0.1816
0.1793
0.1752
0.1689
0.1707
0.1778
0.1762
0.1763
0.1769
0.1766
0.1718
0.1754
0.1836
0.1853
0.1778
0.1733
0.1762
0.1726
0.1708
0.1723
0.1806
0.1759
0.1704
0.1703
0.1679
0.1651
0.1676
0.1683
0.1685
0.1689
0.1738
0.1788
0.1783
0.1739
0.1749
0.1736
0.1806
0.1795
0.1756
0.1778
0.1766
0.1713
0.1758
0.1805
0.1809
0.184
0.1756
0.167
0.1681
0.1704
0.1654
0.1697
0.1792
0.1751
0.1771
0.1846
0.1824
0.1837
0.1814
0.1836
0.184
0.1784
0.175
0.1752
0.18
0.18
0.1808
0.1802
0.1816
0.1789
0.1746
0.1739
0.1785
0.1822
0.1772
0.174
0.1711
0.1703
0.171
0.1699
0.1701
0.1715
0.1764
0.1748
0.1808
0.1723
0.1704
0.1741
0.1835
0.1791
0.1811
0.186
0.1806
0.1851
0.1801
0.182
0.1778
0.1758
0.1792
0.1811
0.1866
0.1808
0.1822
0.183
0.1782
0.1798
0.1818
0.1788
0.1776
0.1806
0.1858
0.1841
0.1832
0.1871
0.1835
0.1808
0.1788
0.1783
0.177
0.1775
0.1792
0.1802
0.1822
0.1819
0.1823
0.1838
0.1842
0.1795
0.1829
0.18
0.1768
0.1734
0.171
0.1753
0.1751
0.168
0.1654
0.1705
0.1698
0.1721
0.176
0.1732
0.1689
0.1731
0.1697
0.171
0.1699
0.1669
0.1711
0.1755
0.1663
0.1682
0.1753
0.1699
0.1734
0.1842
0.1824
0.1812
0.1762
0.1833
0.1735
0.184
0.1845
0.1876
0.1847
0.1832
0.1824
0.1818
0.1797
0.1834
0.1779
0.1791
0.1728
0.171
0.1762
0.1776
0.176
0.1804
0.1801
0.1776
0.1762
0.1761
0.1732
0.1743
0.1773
0.1703
0.1699
0.178
0.1691
0.175
0.1773
0.1787
0.1844
0.1839
0.1794
0.1796
0.1805
0.1798
0.1726
0.1748
0.1802
0.1769
0.1753
0.1711
0.1752
0.1693
0.1723
0.1805
0.1785
0.1792
0.1789
0.1764
0.1705
0.1795
0.1819
0.1741
0.1725
0.1731
0.1744
0.1769
0.1834
0.1814
0.1816
0.1861
0.1823
0.1799
0.1791
0.1808
0.1845
0.1818
0.1815
0.187
0.1796
0.1832
0.177
0.1723
0.1732
0.1775
0.1793
0.1692
0.1705
0.1692
0.1714
0.1756
0.176
0.1681
0.1709
0.1664
0.1618
0.1648
0.1676
0.1783
0.1759
0.1785
0.1835
0.1781
0.1841
0.1878
0.1917
0.1893
0.1892
0.1917
0.188
0.1839
0.1834
0.1898
0.1834
0.1811
0.1799
0.179
0.1721
0.1729
0.1766
0.1758
0.1777
0.1879
0.1859
0.1958
0.1931
0.1948
0.1924
0.1836
0.1887
0.1871
0.1846
0.1841
0.1812
0.1756
0.1793
0.1788
0.1844
0.1873
0.1902
0.1882
0.1878
0.1899
0.1969
0.1935
0.1922
0.1912
0.1906
0.1943
0.1853
0.1858
0.183
0.1918
0.1842
0.1854
0.1829
0.1874
0.1868
0.1826
0.1752
0.1695
0.1709
0.1699
0.1674
0.1701
0.1811
0.1764
0.1803
0.1733
0.177
0.1754
0.176
0.1776
0.1814
0.1801
0.1788
0.1811
0.1781
0.1762
0.1767
0.1777
0.175
0.1764
0.1813
0.1782
0.1758
0.1833
0.1811
0.1821
0.1746
0.1751
0.1766
0.1797
0.1806
0.175
0.1814
0.1798
0.1791
0.185
0.175
0.174
0.1842
0.1827
0.1885
0.1894
0.189
0.1857
0.1763
0.1798
0.1814
0.1899
0.1873
0.1945
0.1926
0.1897
0.193
0.1897
0.1915
0.1878
0.1829
0.1801
0.1818
0.1774
0.1708
0.1661
0.1728
0.1734
0.1713
0.1698
0.179
0.1853
0.1798
0.1808
0.1799
0.1825
0.188
0.1932
0.1888
0.1896
0.1865
0.1848
0.1846
0.1805
0.1757
0.168
0.1694
0.1763
0.1719
0.1744
0.1757
0.1701
0.1682
0.1669
0.1706
0.169
0.161
0.1598
0.168
0.1716
0.1696
0.1728
0.1689
0.1623
0.1645
0.1666
0.1738
0.1729
0.1737
0.1784
0.1765
0.1728
0.179
0.1797
0.1762
0.1679
0.1642
0.1663
0.1635
0.165
0.1672
0.1659
0.1626
0.1672
0.1701
0.1699
0.1626
0.1717
0.1681
0.1753
0.1746
0.1755
0.1714
0.1755
0.1771
0.1757
0.1767
0.1725
0.172
0.1711
0.183
0.1854
0.1872
0.1865
0.1835
0.1899
0.1968
0.1944
0.1909
0.1896
0.1887
0.1886
0.1881
0.1857
0.1848
0.1864
0.1848
0.1805
0.1831
0.1773
0.1715
0.1738
0.1722
0.168
0.1707
0.1689
0.1728
0.178
0.1731
0.1733
0.1758
0.1833
0.1725
0.172
0.1653
0.1668
0.171
0.1768
0.1839
0.1863
0.1823
0.1748
0.1701
0.1662
0.1694
0.1625
0.1641
0.1664
0.1672
0.1618
0.1613
0.16
0.1618
0.157
0.1675
0.1732
0.1709
0.1735
0.1757
0.1709
0.1738
0.171
0.1806
0.1753
0.1787
0.1817
0.1822
0.1882
0.1916
0.187
0.1875
0.1848
0.1768
0.1792
0.1761
0.1804
0.1768
0.1821
0.1729
0.1811
0.1827
0.1866
0.1829
0.1751
0.1775
0.1772
0.1796
0.178
0.1733
0.177
0.1834
0.1789
0.1916
0.1951
0.1897
0.1932
0.1912
0.1853
0.19
0.1861
0.1838
0.1831
0.1835
0.186
0.1819
0.188
0.183
0.1762
0.1755
0.18
0.1837
0.1859
0.1816
0.1871
0.1885
0.1811
0.1814
0.1859
0.1875
0.1798
0.1822
0.1891
0.1898
0.1905
0.1856
0.1803
0.1742
0.1722
0.1746
0.1831
0.1843
0.1843
0.1829
0.1834
0.1781
0.1779
0.1772
0.1785
0.1799
0.1764
0.1869
0.1783
0.1766
0.1825
0.1811
0.1797
0.1777
0.1776
0.1763
0.1765
0.1754
0.1779
0.1733
0.1737
0.178
0.1811
0.175
0.1788
0.1775
0.1763
0.1802
0.184
0.1781
0.1853
0.1833
0.1838
0.1793
0.1771
0.1789
0.1825
0.1872
0.1825
0.1795
0.1765
0.171
0.1695
0.1665
0.1679
0.16
0.1589
0.1602
0.1605
0.164
0.1695
0.1753
0.1769
0.1681
0.168
0.1653
0.165
0.1652
0.1619
0.1615
0.1618
0.1665
0.1707
0.1688
0.1663
0.171
0.1731
0.174
0.1756
0.173
0.173
0.1742
0.1734
0.1749
0.1802
0.1835
0.1752
0.1796
0.1797
0.1771
0.1764
0.172
0.1666
0.1661
0.1717
0.1783
0.1821
0.1924
0.1906
0.1909
0.1882
0.1866
0.1835
0.1796
0.1812
0.1818
0.1805
0.1747
0.1777
0.1786
0.1841
0.1772
0.1751
0.1821
0.1786
0.1766
0.1719
0.1809
0.1817
0.1787
0.1811
0.1831
0.1808
0.183
0.1805
0.186
0.1857
0.1866
0.1815
0.1771
0.1739
0.1691
0.1664
0.1762
0.1817
0.1757
0.172
0.1819
0.1899
0.1873
0.1807
0.1766
0.1803
0.1809
0.1867
0.1786
0.1875
0.1823
0.1818
0.1787
0.1784
0.1759
0.1778
0.1802
0.172
0.1738
0.178
0.1815
0.1746
0.1717
0.1772
0.175
0.1778
0.1763
0.1758
0.1807
0.1802
0.1789
0.1723
0.1686
0.171
0.1703
0.1708
0.1732
0.171
0.1713
0.1762
0.1841
0.1851
0.1841
0.1789
0.1787
0.1744
0.1792
0.1803
0.1828
0.1868
0.1848
0.1809
0.1736
0.1788
0.1761
0.1729
0.1758
0.1715
0.1716
0.1713
0.1771
0.1706
0.1705
0.1836
0.1891
0.1863
0.1832
0.1818
0.186
0.1896
0.1901
0.1859
0.1812
0.187
0.1823
0.1833
0.1861
0.1776
0.1769
0.1812
0.18
0.1808
0.175
0.1687
0.1698
0.1688
0.1747
0.1746
0.1792
0.1752
0.1756
0.1777
0.1784
0.1811
0.176
0.1688
0.1689
0.1667
0.1682
0.1706
0.1739
0.177
0.177
0.1819
0.1801
0.1839
0.1816
0.1766
0.1804
0.1806
0.1787
0.1772
0.1732
0.1748
0.1752
0.1745
0.1721
0.1769
0.1759
0.1746
0.1719
0.1652
0.1699
0.1623
0.1662
0.1692
0.1732
0.1786
0.1823
0.1767
0.182
0.174
0.1729
0.175
0.1748
0.1664
0.1674
0.1729
0.1733
0.1798
0.1761
0.1785
0.178
0.1715
0.1765
0.1843
0.1823
0.1838
0.185
0.18
0.1739
0.1738
0.1738
0.1745
0.1745
0.1781
0.1819
0.1753
0.1758
0.1709
0.1755
0.1744
0.1727
0.1752
0.1807
0.1806
0.1748
0.1746
0.1804
0.1856
0.1867
0.1816
0.1821
0.1754
0.1724
0.1667
0.1674
0.168
0.1703
0.163
0.1659
0.1684
0.1724
0.1768
0.1716
0.16
0.1576
0.1628
0.1679
0.1594
0.1635
0.1705
0.1676
0.1738
0.1742
0.1732
0.1668
0.173
0.1711
0.1692
0.1781
0.1806
0.1867
0.1798
0.1849
0.1842
0.1813
0.1828
0.1838
0.1818
0.1753
0.1782
0.1788
0.1754
0.169
0.1738
0.185
0.1829
0.1874
0.1908
0.1899
0.1844
0.1754
0.1752
0.1733
0.1716
0.1741
0.1705
0.1688
0.1698
0.1723
0.1709
0.1734
0.1706
0.1765
0.1766
0.1721
0.1741
0.1789
0.1865
0.1806
0.1785
0.1781
0.1883
0.185
0.1762
0.1722
0.173
0.1703
0.1666
0.1622
0.1602
0.1713
0.1688
0.1737
0.1759
0.1776
0.1801
0.1835
0.1836
0.1784
0.1819
0.173
0.1715
0.1779
0.178
0.1782
0.1816
0.1795
0.1824
0.1825
0.1801
0.1826
0.1771
0.1817
0.1772
0.1759
0.1772
0.1821
0.183
0.1799
0.1744
0.1714
0.1768
0.1738
0.1687
0.1666
0.1648
0.1655
0.1687
0.1729
0.1727
0.1696
0.1734
0.1785
0.1703
0.1725
0.1736
0.174
0.1774
0.1789
0.1727
0.1731
0.172
0.1773
0.1761
0.1848
0.1809
0.1768
0.1767
0.1743
0.1701
0.1746
0.1783
0.1746
0.1846
0.1836
0.1782
0.1815
0.1838
0.1837
0.1822
0.1811
0.1801
0.177
0.1764
0.1779
0.1715
0.1784
0.1735
0.1716
0.1719
0.1714
0.1737
0.1744
0.1791
0.1825
0.1849
0.1874
0.1805
0.1864
0.1899
0.1953
0.1935
0.1914
0.184
0.1867
0.1893
0.1865
0.1878
0.1895
0.1765
0.1748
0.181
0.1834
0.1859
0.1857
0.1856
0.1885
0.1863
0.1837
0.1757
0.172
0.1696
0.167
0.1708
0.1705
0.1653
0.1712
0.1767
0.1775
0.1785
0.1727
0.172
0.1717
0.1771
0.1867
0.1875
0.1827
0.1761
0.1758
0.1758
0.1671
0.169
0.166
0.1715
0.1767
0.1681
0.1779
0.1723
0.1788
0.1772
0.1807
0.1827
0.1861
0.1828
0.1823
0.1839
0.1895
0.1886
0.1868
0.1873
0.1843
0.1792
0.1811
0.1814
0.1874
0.1926
0.1822
0.1806
0.1736
0.1716
0.1643
0.1751
0.1753
0.1785
0.1785
0.1796
0.1797
0.1806
0.1899
0.1901
0.1983
0.1952
0.183
0.1731
0.1737
0.1762
0.18
0.1797
0.1758
0.1761
0.1744
0.177
0.1734
0.1676
0.1703
0.1812
0.1791
0.185
0.1861
0.1802
0.1826
0.1813
0.1784
0.1698
0.1712
0.1718
0.172
0.1734
0.1776
0.182
0.1914
0.1872
0.1864
0.1815
0.1825
0.1798
0.1835
0.1874
0.1908
0.1893
0.1822
0.1762
0.1726
0.173
0.1826
0.1775
0.1706
0.1724
0.1759
0.1722
0.1772
0.1819
0.175
0.1701
0.1658
0.1612
0.1584
0.1599
0.1602
0.1599
0.1596
0.1684
0.1755
0.1787
0.1792
0.1726
0.1673
0.1702
0.175
0.1793
0.1691
0.1717
0.1695
0.175
0.1872
0.1887
0.1845
0.1937
0.1919
0.1919
0.1903
0.1853
0.1836
0.1841
0.185
0.1819
0.177
0.1837
0.1802
0.1724
0.1728
0.1782
0.1796
0.1856
0.1818
0.1816
0.1793
0.1788
0.1753
0.1709
0.1757
0.1691
0.1754
0.1681
0.1673
0.1669
0.1716
0.175
0.1743
0.1723
0.1712
0.171
0.1724
0.1772
0.1824
0.1749
0.1811
0.1832
0.1831
0.1867
0.1772
0.1765
0.1852
0.1888
0.1854
0.1927
0.197
0.195
0.1881
0.186
0.1869
0.1886
0.1868
0.1908
0.1917
0.1935
0.1919
0.1795
0.1734
0.1767
0.1699
0.164
0.1675
0.1685
0.178
0.1757
0.1721
0.1741
0.1698
0.1691
0.1665
0.1724
0.1727
0.179
0.1765
0.1763
0.1754
0.1717
0.1688
0.1711
0.1701
0.1754
0.1693
0.1641
0.1745
0.1732
0.167
0.1709
0.161
0.165
0.167
0.168
0.1741
0.1742
0.177
0.1798
0.176
0.1787
0.1844
0.1719
0.1642
0.1649
0.1699
0.1772
0.1716
0.1765
0.1701
0.1703
0.1714
0.1778
0.1836
0.1844
0.1826
0.1803
0.1823
0.1767
0.1869
0.1873
0.1835
0.175
0.1768
0.1713
0.1664
0.172
0.1809
0.1745
0.1746
0.1691
0.16
0.1602
0.1599
0.1606
0.1609
0.1722
0.1733
0.177
0.1788
0.1795
0.1716
0.1708
0.173
0.1715
0.1741
0.1832
0.1908
0.1853
0.1904
0.1926
0.192
0.1872
0.1856
0.1851
0.1848
0.1822
0.1833
0.187
0.1872
0.1841
0.1808
0.1772
0.1697
0.171
0.1815
0.1886
0.1806
0.1838
0.1833
0.1831
0.1806
0.1812
0.1761
0.175
0.1755
0.179
0.1711
0.1632
0.1634
0.1654
0.1711
0.1707
0.176
0.1788
0.1826
0.1835
0.1753
0.1691
0.1674
0.1715
0.1784
0.1764
0.1785
0.1681
0.1721
0.1703
0.1636
0.1671
0.1671
0.1671
0.1713
0.1666
0.1709
0.1755
0.1766
0.178
0.1797
0.1832
0.1764
0.173
0.1775
0.1796
0.1782
0.1818
0.1787
0.1796
0.1843
0.1773
0.18
0.179
0.1822
0.1814
0.1852
0.1835
0.1813
0.1785
0.1759
0.1782
0.1818
0.1782
0.1844
0.1863
0.1888
0.1929
0.1857
0.1782
0.1735
0.1738
0.1677
0.1724
0.1718
0.1679
0.1712
0.1698
0.1715
0.1729
0.1738
0.1761
0.1836
0.1768
0.1722
0.1729
0.175
0.176
0.1738
0.1766
0.1752
0.1754
0.1739
0.1777
0.1804
0.1819
0.1879
0.1839
0.1868
0.1908
0.1844
0.1827
0.1796
0.1721
0.1687
0.1635
0.1626
0.1685
0.1663
0.1663
0.1632
0.1624
0.1629
0.1666
0.1627
0.1542
0.1591
0.1618
0.1619
0.1615
0.1583
0.1609
0.1678
0.1708
0.1633
0.1659
0.1645
0.1648
0.1521
0.1596
0.1636
0.1666
0.1665
0.1701
0.1782
0.1823
0.185
0.1817
0.1842
0.1782
0.1764
0.1799
0.1757
0.1759
0.1679
0.1705
0.1684
0.1704
0.1722
0.1739
0.178
0.1832
0.187
0.1846
0.1858
0.1855
0.1875
0.184
0.1799
0.1755
0.1662
0.1659
0.1743
0.1719
0.1677
0.1694
0.1705
0.1755
0.1793
0.1837
0.1929
0.1926
0.1833
0.1833
0.1804
0.1845
0.1836
0.1784
0.1773
0.1788
0.1786
0.1736
0.1718
0.1749
0.1726
0.1694
0.1711
0.1673
0.1707
0.1724
0.1756
0.1714
0.1658
0.1665
0.1602
0.1729
0.1709
0.1804
0.1739
0.171
0.1767
0.1776
0.183
0.1839
0.191
0.1845
0.1817
0.1779
0.1772
0.1719
0.1749
0.1765
0.1726
0.1675
0.1753
0.165
0.166
0.1711
0.1693
0.1716
0.1751
0.1755
0.1751
0.176
0.1722
0.1674
0.1666
0.1622
0.1678
0.1719
0.1765
0.1734
0.1745
0.1739
0.1724
0.1756
0.1797
0.1764
0.1772
0.1788
0.1823
0.1815
0.1826
0.1863
0.1829
0.1767
0.1713
0.174
0.1738
0.1761
0.1723
0.1687
0.1702
0.1681
0.1708
0.172
0.18
0.1691
0.1675
0.17
0.1712
0.1766
0.1737
0.1695
0.1738
0.1801
0.1755
0.1743
0.1717
0.173
0.1713
0.1737
0.177
0.1837
0.1881
0.1852
0.1845
0.1893
0.1802
0.1832
0.1846
0.1805
0.183
0.1789
0.1764
0.1733
0.1751
0.1756
0.1782
0.1736
0.1694
0.1773
0.1755
0.179
0.1771
0.1782
0.1774
0.1849
0.1837
0.1796
0.1809
0.1844
0.1855
0.1815
0.1776
0.1828
0.1852
0.1872
0.1829
0.1898
0.1898
0.1847
0.1789
0.1759
0.1749
0.1756
0.1819
0.185
0.1811
0.1753
0.1801
0.1781
0.1783
0.1724
0.1759
0.1828
0.1784
0.1805
0.1802
0.1785
0.1818
0.1742
0.1789
0.1865
0.1877
0.1829
0.1851
0.1911
0.1932
0.186
0.1841
0.1796
0.1801
0.1785
0.1837
0.1832
0.1825
0.1899
0.1937
0.1872
0.1858
0.1816
0.1803
0.1812
0.179
0.1771
0.1792
0.1791
0.1835
0.1819
0.1773
0.1798
0.1822
0.1819
0.1795
0.1783
0.1808
0.1828
0.1771
0.1793
0.1844
0.176
0.18
0.1803
0.1869
0.1887
0.1886
0.1821
0.1803
0.1826
0.182
0.1786
0.1794
0.1762
0.1827
0.1854
0.1865
0.1794
0.182
0.1834
0.1867
0.1796
0.1807
0.1813
0.1814
0.1771
0.1857
0.1825
0.183
0.1865
0.186
0.1837
0.1828
0.1878
0.1786
0.1771
0.1821
0.184
0.1783
0.1752
0.1758
0.175
0.1764
0.1788
0.1791
0.1787
0.1792
0.1819
0.1792
0.175
0.1753
0.1802
0.1821
0.182
0.1835
0.1846
0.1849
0.1745
0.1801
0.1859
0.1839
0.1847
0.1786
0.1762
0.1753
0.1758
0.1699
0.1683
0.1734
0.1707
0.1705
0.1741
0.1812
0.1802
0.1772
0.181
0.1778
0.1818
0.1865
0.1848
0.1878
0.1862
0.1844
0.1909
0.1898
0.1921
0.1907
0.1932
0.1965
0.1992
0.1962
0.1874
0.1904
0.1876
0.1789
0.1674
0.1694
0.1712
0.1763
0.18
0.1808
0.183
0.1846
0.1777
0.1735
0.1714
0.1709
0.1745
0.1684
0.1715
0.1705
0.1712
0.1744
0.1772
0.1781
0.1848
0.1838
0.1864
0.1807
0.1794
0.1811
0.1798
0.1785
0.1894
0.1853
0.1767
0.1747
0.1669
0.1735
0.1796
0.1787
0.1706
0.1751
0.1772
0.1732
0.1746
0.1746
0.1725
0.1767
0.1811
0.1719
0.1691
0.1624
0.1651
0.173
0.1748
0.171
0.1689
0.1647
0.1718
0.1735
0.1687
0.172
0.1697
0.1668
0.177
0.1791
0.1847
0.1851
0.1882
0.1847
0.1876
0.1911
0.1861
0.1863
0.1812
0.1791
0.1803
0.1821
0.1789
0.1775
0.1726
0.1728
0.1734
0.1705
0.1768
0.1729
0.1778
0.1771
0.1811
0.1847
0.1851
0.1811
0.1793
0.1794
0.1773
0.1715
0.1663
0.1671
0.1639
0.1681
0.1662
0.1638
0.1632
0.1645
0.1646
0.1656
0.1676
0.1713
0.1738
0.1738
0.1727
0.1681
0.1695
0.1825
0.1787
0.1826
0.1833
0.1726
0.1704
0.173
0.1744
0.1839
0.1836
0.18
0.1854
0.1803
0.1769
0.1764
0.1784
0.1808
0.1802
0.1777
0.175
0.1805
0.1854
0.187
0.1903
0.1819
0.1873
0.1875
0.1873
0.1853
0.1814
0.1841
0.1854
0.1832
0.1812
0.1797
0.1802
0.1837
0.1783
0.1766
0.18
0.177
0.1804
0.1787
0.1765
0.1705
0.1766
0.1689
0.17
0.1712
0.1768
0.1678
0.1736
0.1716
0.1769
0.1704
0.1702
0.1744
0.1719
0.1714
0.1702
0.1662
0.1681
0.1745
0.1818
0.1781
0.1789
0.1762
0.182
0.1785
0.1751
0.1742
0.1827
0.1809
0.1822
0.1824
0.1746
0.1811
0.1806
0.1783
0.1752
0.1701
0.1747
0.1743
0.1685
0.1712
0.1728
0.1739
0.1718
0.1724
0.1734
0.1743
0.1684
0.1689
0.1765
0.1803
0.1778
0.181
0.1795
0.1802
0.1788
0.1743
0.1721
0.1685
0.1738
0.1779
0.1767
0.179
0.1824
0.1794
0.1766
0.174
0.1776
0.1812
0.1815
0.1841
0.1788
0.1783
0.1799
0.1849
0.1759
0.1783
0.1783
0.1782
0.176
0.1763
0.1739
0.1782
0.176
0.1704
0.1769
0.18
0.1838
0.1823
0.1822
0.1727
0.1812
0.1775
0.183
0.1785
0.1722
0.1645
0.1771
0.1795
0.1802
0.1793
0.1847
0.1821
0.1781
0.1742
0.1769
0.1771
0.1826
0.1818
0.1799
0.1752
0.1761
0.1781
0.1739
0.1759
0.1774
0.1747
0.1743
0.1748
0.1753
0.1707
0.173
0.1729
0.1688
0.1734
0.1776
0.1766
0.1811
0.1777
0.1764
0.1843
0.1782
0.1818
0.1807
0.1813
0.1725
0.1683
0.1696
0.1706
0.1699
0.1643
0.1687
0.1756
0.1772
0.1731
0.1782
0.1766
0.1737
0.1754
0.182
0.1721
0.1681
0.1725
0.169
0.1729
0.1745
0.1743
0.1826
0.1849
0.1811
0.177
0.1811
0.1816
0.1821
0.181
0.1759
0.1699
0.1701
0.1758
0.1764
0.1803
0.1776
0.1856
0.179
0.1808
0.1835
0.1873
0.1839
0.1789
0.177
0.1736
0.1766
0.1775
0.1884
0.1816
0.1784
0.1831
0.1766
0.1726
0.1791
0.1753
0.1676
0.1674
0.172
0.1744
0.1703
0.1676
0.1702
0.1755
0.171
0.1727
0.1777
0.1787
0.1734
0.1758
0.1756
0.1755
0.1768
0.1684
0.1712
0.1721
0.1739
0.1725
0.1762
0.1729
0.1691
0.1677
0.1711
0.172
0.1805
0.1814
0.1839
0.1859
0.1885
0.1869
0.1876
0.1882
0.187
0.1819
0.1842
0.1811
0.1807
0.177
0.1871
0.1856
0.1801
0.1871
0.1842
0.1865
0.1847
0.1812
0.1773
0.1726
0.1711
0.1754
0.171
0.175
0.1796
0.1788
0.1789
0.1811
0.1828
0.1871
0.1846
0.1812
0.1812
0.1838
0.184
0.1863
0.182
0.1725
0.1857
0.1852
0.1791
0.1743
0.1802
0.1785
0.1779
0.1802
0.1837
0.1777
0.1783
0.1855
0.1842
0.1871
0.1835
0.181
0.1826
0.1856
0.1871
0.1842
0.1851
0.1851
0.1872
0.1896
0.1853
0.176
0.1782
0.1712
0.1734
0.1715
0.1675
0.1699
0.1667
0.1681
0.1743
0.1731
0.171
0.1725
0.1726
0.1759
0.1724
0.1769
0.1761
0.1819
0.1832
0.1833
0.1795
0.1721
0.1696
0.1676
0.1706
0.1752
0.1762
0.1789
0.1779
0.1748
0.1682
0.1651
0.1708
0.1721
0.1679
0.1729
0.1662
0.1696
0.1691
0.1724
0.1673
0.168
0.1703
0.1718
0.1748
0.1691
0.1677
0.171
0.1727
0.1684
0.1717
0.1763
0.1759
0.1746
0.1774
0.1798
0.1819
0.1838
0.1823
0.1841
0.1861
0.1802
0.1755
0.1802
0.1687
0.1756
0.1768
0.18
0.1836
0.18
0.1829
0.1815
0.1784
0.1697
0.1731
0.1786
0.1883
0.188
0.1822
0.1789
0.175
0.1799
0.1854
0.1896
0.1916
0.1903
0.1821
0.1838
0.185
0.1832
0.1784
0.1793
0.1777
0.1798
0.184
0.1904
0.1934
0.1852
0.1821
0.1836
0.1761
0.1773
0.1757
0.1716
0.1676
0.1714
0.1601
0.1629
0.1643
0.1744
0.1767
0.1723
0.1763
0.1784
0.1808
0.1773
0.1752
0.1819
0.181
0.1805
0.1754
0.1806
0.1772
0.1807
0.178
0.1729
0.1713
0.1784
0.1692
0.1684
0.1757
0.1774
0.1822
0.1851
0.1837
0.1793
0.1764
0.1785
0.1778
0.1787
0.1712
0.1759
0.1803
0.1824
0.184
0.1842
0.1799
0.1782
0.1758
0.1766
0.1734
0.1725
0.1761
0.1776
0.1803
0.1754
0.1711
0.1737
0.1898
0.187
0.1824
0.1733
0.1726
0.1796
0.1788
0.179
0.1802
0.1829
0.1807
0.1827
0.1883
0.1904
0.1859
0.1824
0.1843
0.1794
0.1817
0.1809
0.1759
0.1734
0.1736
0.1683
0.1647
0.1693
0.1641
0.1652
0.1705
0.1648
0.168
0.1713
0.1752
0.1702
0.1663
0.168
0.1758
0.1779
0.1709
0.1748
0.1788
0.1761
0.1791
0.1799
0.1769
0.1773
0.1754
0.1775
0.1709
0.1727
0.166
0.1705
0.1671
0.1688
0.1728
0.1776
0.1775
0.1752
0.1785
0.1756
0.1809
0.1828
0.1835
0.1842
0.1837
0.1859
0.187
0.1845
0.1805
0.1867
0.1805
0.1799
0.1765
0.1767
0.1833
0.1876
0.1859
0.1787
0.179
0.1776
0.1791
0.1715
0.1821
0.1766
0.1733
0.1749
0.1753
0.1753
0.1748
0.1713
0.1742
0.1756
0.1756
0.1817
0.1732
0.1722
0.1759
0.1756
0.1779
0.1763
0.1782
0.1739
0.1686
0.1701
0.1698
0.172
0.1706
0.1725
0.1715
0.1724
0.1774
0.174
0.178
0.1696
0.1754
0.1736
0.1676
0.1694
0.1719
0.1649
0.1655
0.1735
0.1716
0.1671
0.167
0.1652
0.1654
0.1723
0.167
0.1658
0.1725
0.1703
0.1729
0.1662
0.1755
0.1768
0.1745
0.1735
0.1752
0.1787
0.176
0.1768
0.1758
0.1643
0.1584
0.1679
0.1698
0.1692
0.1681
0.1793
0.1747
0.1699
0.1752
0.1753
0.1729
0.175
0.1757
0.1791
0.1823
0.1843
0.1856
0.1835
0.1833
0.1827
0.1826
0.181
0.1798
0.1812
0.1846
0.1818
0.1823
0.1816
0.1854
0.184
0.1901
0.1905
0.1919
0.1821
0.1763
0.1794
0.1791
0.1815
0.1711
0.1682
0.1697
0.1761
0.1792
0.1802
0.1794
0.1792
0.1681
0.1668
0.1712
0.1794
0.1784
0.1733
0.1719
0.1721
0.1717
0.1776
0.1794
0.1691
0.1731
0.1813
0.1807
0.1813
0.1785
0.1741
0.173
0.1726
0.1737
0.1812
0.1797
0.1767
0.1734
0.1772
0.18
0.1723
0.171
0.1681
0.179
0.1763
0.1748
0.1695
0.1698
0.1687
0.1682
0.177
0.1794
0.1794
0.1766
0.1773
0.17
0.1731
0.1777
0.1808
0.1745
0.1751
0.171
0.17
0.1758
0.1785
0.1734
0.175
0.1664
0.1618
0.1628
0.1698
0.17
0.1738
0.1778
0.1815
0.1777
0.1815
0.1773
0.1689
0.1723
0.1751
0.1758
0.1749
0.1712
0.179
0.1767
0.1793
0.1835
0.1769
0.1715
0.1762
0.1826
0.182
0.1869
0.1906
0.1774
0.1751
0.178
0.1787
0.1767
0.1795
0.1801
0.1844
0.1875
0.1807
0.1776
0.1745
0.1681
0.1694
0.1784
0.1862
0.1863
0.1846
0.1811
0.1806
0.1749
0.1678
0.1707
0.1782
0.1746
0.1786
0.1799
0.184
0.1859
0.1765
0.1818
0.1819
0.1797
0.1828
0.1838
0.1773
0.1804
0.1773
0.178
0.172
0.1671
0.167
0.1688
0.1707
0.1723
0.1707
0.167
0.1705
0.1743
0.1773
0.1822
0.1803
0.1792
0.1755
0.1747
0.1717
0.1694
0.1754
0.1775
0.1793
0.1785
0.1754
0.1836
0.1761
0.1796
0.1779
0.181
0.1837
0.1905
0.1948
0.194
0.1903
0.1857
0.1815
0.1765
0.1755
0.1778
0.1772
0.1803
0.1773
0.1743
0.1767
0.1738
0.171
0.1813
0.1783
0.1772
0.1753
0.1707
0.1699
0.1692
0.1777
0.1739
0.1818
0.1775
0.1759
0.1838
0.1855
0.1874
0.1838
0.1739
0.1752
0.1735
0.1766
0.1784
0.1835
0.1839
0.1802
0.1833
0.1806
0.1828
0.1685
0.1712
0.1724
0.1687
0.1649
0.1677
0.1637
0.1646
0.1661
0.161
0.1671
0.1776
0.1745
0.1788
0.1777
0.1762
0.182
0.1761
0.1748
0.1732
0.1734
0.1771
0.1761
0.1689
0.1773
0.1774
0.1789
0.1743
0.1759
0.167
0.1687
0.1788
0.1866
0.1894
0.1895
0.1874
0.189
0.1848
0.184
0.1824
0.1771
0.1776
0.1757
0.1761
0.1746
0.1785
0.1765
0.1767
0.18
0.1824
0.1814
0.1816
0.1912
0.1878
0.1814
0.1845
0.1777
0.1844
0.1802
0.1818
0.186
0.1791
0.1791
0.1775
0.1803
0.1747
0.1726
0.1861
0.1727
0.1701
0.1708
0.1761
0.1773
0.1781
0.1785
0.1822
0.1748
0.1768
0.1762
0.1725
0.1765
0.1798
0.1779
0.1774
0.1829
0.1802
0.1735
0.1711
0.1728
0.1688
0.1726
0.1722
0.176
0.1793
0.1748
0.1728
0.1736
0.1651
0.1654
0.1666
0.1659
0.1648
0.1677
0.1676
0.1703
0.1646
0.1662
0.1681
0.1653
0.1669
0.1685
0.1683
0.1647
0.1659
0.1629
0.1624
0.1629
0.1661
0.1673
0.1723
0.1676
0.1718
0.1747
0.1783
0.1815
0.1731
0.1683
0.1669
0.1631
0.1593
0.1599
0.1671
0.1709
0.1811
0.1862
0.1893
0.1881
0.1802
0.1824
0.182
0.1778
0.1735
0.1719
0.174
0.1739
0.1751
0.1708
0.1732
0.1722
0.1751
0.1746
0.1807
0.1796
0.1782
0.1729
0.1673
0.1667
0.1667
0.1638
0.1632
0.164
0.169
0.1696
0.1706
0.1711
0.1711
0.1784
0.1747
0.1725
0.1757
0.1715
0.1775
0.1832
0.1894
0.1813
0.183
0.1825
0.1746
0.1703
0.172
0.1775
0.1872
0.1844
0.1888
0.1878
0.1878
0.1867
0.1772
0.1724
0.175
0.1714
0.1688
0.1691
0.1758
0.1734
0.1763
0.176
0.1788
0.1791
0.1833
0.1806
0.1828
0.1822
0.1798
0.1765
0.1795
0.1735
0.1674
0.1661
0.1731
0.1663
0.1719
0.1711
0.1741
0.1713
0.1768
0.1762
0.1783
0.1753
0.173
0.1685
0.1689
0.1687
0.1759
0.1748
0.182
0.1829
0.1819
0.1735
0.1721
0.1692
0.1699
0.1793
0.1738
0.1795
0.1815
0.1767
0.1701
0.1758
0.1808
0.184
0.1864
0.1791
0.1721
0.1747
0.1831
0.1805
0.1797
0.1838
0.185
0.1851
0.1867
0.1861
0.1827
0.1842
0.1834
0.1891
0.1872
0.1863
0.1773
0.1741
0.1657
0.1671
0.1758
0.1826
0.1761
0.1776
0.1737
0.174
0.1741
0.1687
0.178
0.1773
0.184
0.1833
0.1901
0.1917
0.1938
0.1885
0.1877
0.1879
0.1846
0.1832
0.1764
0.1777
0.187
0.185
0.1774
0.1774
0.1825
0.1767
0.1735
0.1759
0.1752
0.1686
0.1683
0.1701
0.166
0.1722
0.1705
0.1768
0.1742
0.1801
0.1754
0.1833
0.1777
0.1758
0.1797
0.1805
0.1801
0.1876
0.1832
0.1844
0.1876
0.1841
0.18
0.1818
0.1872
0.1845
0.184
0.1764
0.1754
0.1705
0.1694
0.1716
0.1766
0.1746
0.1751
0.1735
0.1747
0.1759
0.1738
0.1742
0.1698
0.1708
0.1642
0.1576
0.1612
0.1703
0.1707
0.1663
0.1623
0.1662
0.1698
0.1777
0.183
0.1784
0.1818
0.1817
0.1735
0.1759
0.176
0.1794
0.1783
0.1823
0.1848
0.1812
0.1883
0.1822
0.1871
0.1928
0.1933
0.183
0.1797
0.1754
0.1786
0.1803
0.1826
0.1824
0.1789
0.1788
0.1737
0.1732
0.1759
0.1778
0.1724
0.1657
0.1705
0.1721
0.1732
0.1735
0.1731
0.1739
0.1754
0.18
0.1762
0.1758
0.1806
0.1778
0.179
0.1779
0.1791
0.1834
0.1793
0.1849
0.1836
0.1781
0.1814
0.1856
0.1802
0.184
0.1819
0.1788
0.1752
0.1722
0.1801
0.1798
0.1795
0.1811
0.181
0.1828
0.1839
0.1745
0.1619
0.1653
0.1706
0.176
0.175
0.1843
0.179
0.1706
0.1681
0.1729
0.1717
0.1772
0.1812
0.1794
0.1839
0.1867
0.1912
0.1912
0.1855
0.1869
0.1835
0.1718
0.1756
0.1888
0.1884
0.1887
0.1826
0.1776
0.1723
0.176
0.1773
0.1765
0.1837
0.1764
0.1801
0.1801
0.1802
0.1784
0.1714
0.1712
0.174
0.1718
0.1737
0.1735
0.1738
0.1805
0.1826
0.1841
0.1809
0.1829
0.1796
0.1785
0.1727
0.1735
0.1728
0.1702
0.1727
0.1691
0.1696
0.1646
0.166
0.1599
0.1661
0.1692
0.1707
0.1673
0.1725
0.1721
0.1787
0.1786
0.1757
0.1738
0.1745
0.1816
0.1836
0.1846
0.1834
0.1799
0.1778
0.1838
0.1832
0.186
0.1871
0.1787
0.1774
0.1843
0.1881
0.1874
0.1885
0.1867
0.184
0.1817
0.1808
0.1793
0.1768
0.1801
0.1791
0.1791
0.1805
0.1838
0.183
0.1857
0.1883
0.1881
0.181
0.1724
0.1718
0.1662
0.1677
0.1644
0.1606
0.1675
0.1758
0.1779
0.1724
0.1717
0.1696
0.1831
0.1839
0.1851
0.187
0.1868
0.1844
0.1796
0.1799
0.1795
0.1809
0.1809
0.1705
0.1651
0.1593
0.1693
0.1741
0.1706
0.1687
0.1669
0.1727
0.1696
0.1726
0.1705
0.1685
0.1643
0.1624
0.1649
0.1666
0.1669
0.1718
0.1746
0.1777
0.1673
0.1684
0.1783
0.1715
0.1749
0.1731
0.1713
0.173
0.1691
0.1659
0.1673
0.1698
0.1654
0.1664
0.174
0.1795
0.175
0.1807
0.1843
0.1827
0.1809
0.1833
0.1881
0.1781
0.177
0.1779
0.18
0.1709
0.1697
0.173
0.171
0.1723
0.1702
0.1713
0.1753
0.1784
0.1821
0.1826
0.181
0.1767
0.1802
0.1861
0.1822
0.1813
0.1801
0.1822
0.1812
0.1829
0.183
0.1826
0.1798
0.1802
0.1745
0.1748
0.1662
0.1648
0.1716
0.1698
0.177
0.1785
0.1812
0.1761
0.1757
0.1765
0.186
0.1795
0.1902
0.1905
0.178
0.1761
0.173
0.175
0.1789
0.1704
0.1725
0.1779
0.1785
0.1801
0.1708
0.1694
0.1723
0.172
0.1782
0.176
0.1717
0.1777
0.1772
0.1834
0.1814
0.1808
0.1749
0.1823
0.1869
0.1795
0.1832
0.1795
0.1824
0.1873
0.1852
0.1798
0.1794
0.1735
0.1787
0.1862
0.1799
0.1859
0.1868
0.1878
0.1915
0.185
0.1857
0.1817
0.1825
0.1835
0.1816
0.182
0.1797
0.1724
0.1744
0.1727
0.1725
0.1805
0.1833
0.1803
0.1842
0.1834
0.1803
0.1806
0.1795
0.1779
0.1778
0.1788
0.1801
0.1793
0.1708
0.1756
0.1699
0.1826
0.1771
0.1739
0.1776
0.1847
0.1885
0.1917
0.1949
0.1911
0.1851
0.1867
0.1722
0.1715
0.1699
0.1715
0.1724
0.1767
0.1777
0.1802
0.1827
0.1891
0.1864
0.1825
0.1799
0.1744
0.1803
0.1763
0.1778
0.1787
0.1745
0.1813
0.1778
0.1732
0.1691
0.1692
0.1708
0.1693
0.1724
0.1741
0.1754
0.1753
0.1762
0.1769
0.1852
0.1818
0.194
0.1876
0.1858
0.1796
0.1743
0.1722
0.1698
0.1637
0.1652
0.1698
0.1696
0.1673
0.1661
0.163
0.1638
0.1604
0.1587
0.1604
0.1587
0.161
0.1636
0.1723
0.1687
0.1748
0.1707
0.1775
0.1796
0.1748
0.1746
0.1793
0.1822
0.1787
0.1792
0.1836
0.1814
0.1766
0.1773
0.1793
0.1761
0.1784
0.179
0.1784
0.1784
0.1807
0.1827
0.1857
0.1844
0.1815
0.1735
0.1752
0.1743
0.1762
0.1814
0.1798
0.1815
0.178
0.1754
0.1707
0.1715
0.1698
0.1706
0.164
0.1668
0.1715
0.1748
0.1665
0.1707
0.1702
0.1659
0.1698
0.1729
0.1818
0.1772
0.179
0.1839
0.1759
0.1814
0.184
0.1844
0.187
0.1794
0.1775
0.1787
0.1804
0.1833
0.1779
0.1778
0.1817
0.1779
0.1768
0.1754
0.1777
0.1807
0.1769
0.1799
0.1743
0.18
0.1807
0.1824
0.179
0.1739
0.1669
0.1696
0.1798
0.1786
0.1801
0.1835
0.1915
0.1883
0.1841
0.1875
0.1837
0.1822
0.1817
0.1755
0.1738
0.1708
0.1664
0.1762
0.1728
0.1775
0.1808
0.1912
0.1919
0.1845
0.1784
0.1801
0.1809
0.1748
0.1825
0.1863
0.1794
0.181
0.1816
0.1828
0.178
0.1813
0.1767
0.1809
0.1777
0.1789
0.1768
0.177
0.1819
0.1822
0.1857
0.1811
0.1797
0.1849
0.1773
0.1773
0.1736
0.172
0.1667
0.1665
0.1736
0.1688
0.1657
0.1683
0.1664
0.1709
0.1707
0.1798
0.1714
0.1688
0.1707
0.1708
0.1735
0.178
0.1749
0.1798
0.1807
0.1804
0.175
0.1773
0.1755
0.1824
0.1844
0.1822
0.1743
0.1698
0.1689
0.1648
0.1627
0.1646
0.1661
0.168
0.1706
0.1641
0.1571
0.1579
0.1635
0.1681
0.1648
0.17
0.1748
0.1683
0.1728
0.1782
0.1743
0.169
0.1715
0.1691
0.1657
0.1608
0.1566
0.1604
0.1621
0.1635
0.1701
0.1753
0.1784
0.1862
0.188
0.1841
0.1814
0.1773
0.1767
0.1787
0.1832
0.1858
0.186
0.1808
0.1805
0.1815
0.1833
0.1827
0.1737
0.177
0.1814
0.1846
0.1797
0.1764
0.1769
0.1741
0.1732
0.1746
0.1692
0.169
0.1659
0.1717
0.1785
0.1773
0.1816
0.1836
0.1875
0.1805
0.1772
0.1729
0.1753
0.177
0.1852
0.1788
0.1827
0.1802
0.1851
0.1893
0.1853
0.1843
0.1845
0.1896
0.1812
0.1793
