0.211
0.2108
0.1995
0.2135
0.2147
0.188
0.2127
0.1982
0.205
0.1975
0.2038
0.1999
0.2004
0.1983
0.2017
0.1979
0.1997
0.1959
0.2087
0.2011
0.2104
0.1943
0.2074
0.2
0.2113
0.1907
0.2078
0.1929
0.2007
0.197
0.2038
0.2064
0.1998
0.1875
0.2068
0.2009
0.2124
0.1975
0.2033
0.1971
0.1939
0.2028
0.1927
0.2092
0.2018
0.213
0.2112
0.2008
0.2147
0.2052
0.209
0.2053
0.2004
0.2017
0.2016
0.2002
0.1974
0.2129
0.2158
0.208
0.2063
0.2076
0.1917
0.1956
0.2005
0.2039
0.2096
0.2112
0.2024
0.2038
0.2064
0.1966
0.2164
0.2049
0.2079
0.2106
0.2031
0.2037
0.2014
0.2089
0.2072
0.2028
0.1993
0.2133
0.1946
0.1937
0.2021
0.2099
0.2117
0.2072
0.2216
0.2
0.2105
0.2065
0.2101
0.1983
0.1975
0.1917
0.2053
0.2045
0.2155
0.2156
0.2014
0.2106
0.1979
0.1989
0.1881
0.2103
0.1942
0.1946
0.2151
0.2088
0.204
0.2065
0.2054
0.2116
0.1972
0.2093
0.2117
0.1956
0.1977
0.1963
0.1971
0.2124
0.2182
0.209
0.2022
0.2058
0.2021
0.1986
0.1986
0.2083
0.2019
0.1934
0.2086
0.2033
0.1934
0.2029
0.2101
0.2013
0.1889
0.1943
0.2094
0.1973
0.2103
0.2071
0.1951
0.2012
0.2122
0.2093
0.2181
0.2061
0.2072
0.201
0.1962
0.2045
0.1921
0.1949
0.2132
0.1953
0.1965
0.2051
0.2028
0.1862
0.2028
0.2073
0.2037
0.2023
0.2038
0.2015
0.2031
0.1959
0.2038
0.2015
0.224
0.2109
0.2026
0.2052
0.1968
0.1954
0.2193
0.2006
0.2072
0.2011
0.1894
0.1925
0.2121
0.1959
0.2047
0.2111
0.2196
0.2128
0.1965
0.1894
0.1992
0.1991
0.2
0.2078
0.2044
0.208
0.2016
0.2069
0.2059
0.1939
0.2101
0.1955
0.1874
0.1959
0.2098
0.2143
0.2064
0.2071
0.2043
0.2047
0.2129
0.2105
0.2084
0.2063
0.2032
0.2033
0.2113
0.2082
0.2
0.1958
0.1982
0.2013
0.1903
0.2118
0.2075
0.2111
0.22
0.2142
0.2099
0.2019
0.2148
0.1952
0.2121
0.2035
0.2009
0.2129
0.2062
0.2152
0.2053
0.1979
0.2063
0.2032
0.2107
0.2086
0.195
0.2111
0.2189
0.2113
0.2058
0.2109
0.211
0.2064
0.1919
0.1943
0.1896
0.1966
0.2056
0.1956
0.2104
0.1988
0.1938
0.215
0.2138
0.2065
0.2144
0.2052
0.1978
0.2089
0.2071
0.2064
0.2104
0.1891
0.2017
0.1873
0.2038
0.2026
0.1876
0.1961
0.206
0.1892
0.2008
0.203
0.2071
0.1991
0.2112
0.2096
0.2101
0.2169
0.1962
0.2011
0.2048
0.2011
0.1939
0.2068
0.2127
0.21
0.2045
0.2087
0.1985
0.2011
0.2072
0.1925
0.2056
0.2085
0.1911
0.2204
0.2087
0.1982
0.1953
0.2084
0.213
0.1959
0.2079
0.2102
0.2096
0.207
0.1978
0.2035
0.1932
0.2053
0.1972
0.208
0.2086
0.2092
0.1998
0.2117
0.2061
0.1938
0.2022
0.196
0.1909
0.2047
0.208
0.2094
0.2114
0.2044
0.2007
0.1871
0.1977
0.2031
0.2045
0.1921
0.2118
0.2085
0.1911
0.2082
0.209
0.2007
0.2095
0.2093
0.2075
0.2068
0.2029
0.2084
0.2003
0.2001
0.205
0.2066
0.2125
0.1963
0.2079
0.2106
0.1967
0.2012
0.1984
0.2089
0.2007
0.1974
0.1998
0.2105
0.1957
0.2127
0.2045
0.2111
0.2004
0.1941
0.2104
0.2078
0.1969
0.2138
0.2008
0.1993
0.1979
0.2017
0.2088
0.2092
0.2014
0.1964
0.1941
0.1978
0.2058
0.2136
0.2015
0.2135
0.2054
0.2091
0.2014
0.1922
0.2099
0.2131
0.204
0.1921
0.206
0.207
0.2009
0.2062
0.213
0.2094
0.2094
0.2164
0.2097
0.2145
0.2048
0.1937
0.1894
0.1901
0.2031
0.1926
0.1903
0.2025
0.217
0.2189
0.1989
0.1984
0.195
0.1985
0.205
0.2105
0.202
0.2033
0.1997
0.2059
0.2134
0.2047
0.2016
0.21
0.2129
0.2132
0.2051
0.2105
0.2068
0.2002
0.2058
0.2005
0.1935
0.2145
0.2035
0.2063
0.1961
0.1907
0.2059
0.1907
0.1983
0.205
0.1969
0.1999
0.2054
0.2097
0.2017
0.2075
0.2035
0.2058
0.1958
0.2093
0.2002
0.1994
0.2027
0.2204
0.2131
0.2108
0.1988
0.1933
0.2094
0.2116
0.2068
0.192
0.2039
0.2001
0.201
0.2028
0.2068
0.2097
0.1965
0.1909
0.1874
